17034.1366551272
16490.6449327371
15556.9377287147
14337.8406721794
12939.2666570942
11582.9841535098
10692.9175239191
10949.6054675363
12468.4420985605
14390.4172094345
15962.8602822107
16903.0685102293
17002.7231099707
16392.6666913835
15395.7985385857
14127.7843499407
12690.06959745
11303.3616735207
10442.2999726138
10745.756715457
12271.1709260321
14128.1155174895
15531.6740678753
16375.2255561276
16430.6940698827
15711.943650517
14598.5122831806
13212.794025078
11646.395114547
10102.2753096485
9003.57317962832
9012.45446766955
10317.3349706767
12111.9384414841
13627.366522275
14508.0099736427
14423.1312926722
13550.3226633836
12276.277777739
10706.8032628984
8929.67065229535
7154.77685904776
5846.55096076546
5692.75013129601
6779.07830069665
8305.72226929581
9567.01154017307
10185.6798363211
9815.7218658057
8612.12651679682
7278.53852591355
6079.92325105761
5076.337893277
4669
4669
4669
4690.46327809265
4744.53178078367
4798.88881393881
4744.82031124779