1449.61746185147
1318.99876523382
1232.5851038852
1167.1904338129
1136.1733524011
1184.00511303601
1392.5786731673
1807.97634596588
2103.13174416521
2076.40012565153
1924.70778933085
1824.63509149873
1473.52426942867
1345.75002173358
1253.90154051746
1183.10164718799
1150.04961041525
1193.28366502566
1467.93215812817
1894.88565992416
2140.91311882122
2041.53744143923
1851.6952473358
1819.92311517876
1511.86340403352
1390.13082683841
1298.22942227605
1228.35068282485
1202.73372397195
1260.39550350027
1428.70415878204
1843.12277195891
2143.22304660521
2137.01171167199
2041.34002682873
1866.88275126397
1571.71289635438
1447.52502547868
1363.06773376375
1303.35731558226
1288.10281425262
1350.65349719912
1577.08421400524
1958.17918598071
2199.45016535981
2192.67795656197
2094.94163082039
1965.05692696917
1690.49403993755
1591.78355126915
1481.48835725034
1535.47417821256
1732.91577838576
2282.26125520817
2233.52566175774
2110.96177116001
2111.42487626083
2370.63761847954
2612.44411908094
2933.21016030444