17027
17027
17027
17027
17027
17027
16963.6495345195
16598.4842957614
16113.6236343049
16027.9216464918
16576.1327734286
17027
17027
17027
17027
17027
17027
17027
16823.4381092828
16198.2907535188
15543.0089476723
15518.5023200327
16377.3460165964
17027
17027
17027
17027
17027
17027
17027
17024.4391737812
16813.4292987464
16443.6623901461
16353.0084469624
16725.3361817815
17027
17027
17027
17027
17027
17027
17027
16920.3925457598
16525.9092676477
16149.6281305856
16179.9058097812
16662.7944010835
17027
17027
17012.1525941633
16726.535297252
15895.0698005097
14232.0367553201
11055.8640264547
7554.33401756145
5942.72953070754
6546.2221979039
7930.90157712404
8706.88514081441
7791.67592039305