1255
995.554817372259
965.648718381543
893.848633782095
852.210237782702
843.396836294546
941.0778791544
1200.42623069127
1394.90892504401
929.127086617513
1157.27720835689
1282.57694571334
1067.51953876355
1023.93938613006
917.808648255279
854.486938087796
871.609992354421
1194.463141624
1329.75105339878
1542.13828507852
1501.57664339855
1511.00179084596
1556.43544386899
1380.21561900352
1116.77118286662
1105.21479392509
1061.0343755832
993.891779573127
961.88028183925
1020.68124155363
1242.25727894267
1716.95923672925
1846.35582592371
2074.12346775115
1383.3355277761
1294.13527027108
1233.39452452578
1170.2295628451
1088.57907483843
1074.73144558272
1037.09648663612
1065.82852448608
1228.83046594135
1579.19509447265
1764.77549965599
1961.08934964123
2080.48255801112
1591.8992572882
1459.72940074122
1336.97979640852
1259.98676995435
1202.38331081191
1522.40998316485
1938.54376339982
1898.7517825262
2056.61305719687
1851.06298780852
2186.92153324923
2501.9064419879
2646.3637236252