17027
17027
17027
17027
17027
17027
16975,2939723287
16726,6345992518
16778,3406269232
17027
17027
17027
17027
17027
17027
17027
16937,8136153475
16232,6154635319
15330,8766982723
15240,9039627512
16231,8291126633
17027
17027
17027
17027
16966,2131121169
16966,2131121169
17027
17027
16964,0615697342
16620,6401792298
16112,5793454186
16322,1349725481
16893,134236625
17027
17027
17027
17027
17027
17027
17027
17027
17007,7512233614
16325,6298665139
15430,6175383825
15808,9332206782
16723,1943254482
17027
17027
17027
17027
17024,975185343
16180,3252814401
13640,6201537788
11419,5802731238
9921,14087372769
9957,70502963917
10393,9733689693
8405,45693045911
5782,35793284351