371
397,70746333983
388,358283115575
411,63075767661
408,426960196161
355,977734012111
211,361020289962
214,286554825592
170,654803437755
351,768118546474
262,16524619065
225,682740817281
351,18418842124
396,30218785399
475,3835684539
491,695146510048
478,002370325966
287,7605828729
251,646037372123
217,48697507249
411,586242372246
293,649070557928
293,319024244081
408,964923495087
402,279341004371
444,865900700027
462,30112278931
480,566084865272
599,467661650662
561,524241912097
401,818773875662
110,176873202598
77
77
388
419,134683671586
379,347883182626
377,385352043161
439,272174691772
515,703028206421
551,701217701143
508,877766744951
551,72875639079
469,632447429369
197,428522000728
77
77
417,788167937453
365
414,684618758187
473,251049782725
528,235346898314
558,954250892657
510,593378128938
310,794474423848
241,305462342146
86,7992442110265
258,17418100793
335,240784916255
263,967208637974