17027
17027
17027
17027
17027
16936,3478261599
16438,8218557795
15992,7002197025
16490,2261900829
16917,6370218007
16828,0379442898
16937,4009224891
17027
17027
17027
16966,5140792561
16624,0256554476
15604,5749627945
14476,2683759598
14382,1978130085
15852,9928236518
17027
17027
17027
17027
17027
17027
16923,3777452367
16923,3777452367
16981,7216286584
16564,9245351321
15913,4741846789
15995,6637515589
16692,3924733537
17027
17027
16999,4456253974
16846,0361723925
16566,787739676
16394,3500427631
16297,1229995746
15971,2264693143
15911,0545847014
16090,6643324446
15912,7144354389
16193,038313398
16835,1899455242
17027
17027
17027
17027
17027
17027
16920,1075240416
16920,1075240416
16697,5677498595
16697,5677498595
17027
17027
17027