17010.2043418298
16396.197717671
15347.4908588096
13995.3201067211
12357.0169438671
10583.9419057545
8862.53928553706
7713.92227556135
7969.64322267305
9568.74877405201
13439.2623471633
16728.0262201199
17190
17119.2935293781
16773.6483316908
16069.3347492552
15139.4085068086
14144.5349918557
13506.0107326258
13790.3904778801
14186.4684269196
14060.9584376496
14821.5459828993
16432.5697949253
17185.481409509
16859.0011706053
16018.923485481
14870.1142662544
13661.0866687891
12933.5106100794
12733.8440362888
13422.9906761206
14303.6650206327
15147.804172561
15997.9258566719
15995.0516878826
15540.7281313508
14676.4905514801
13404.2199261039
11910.5061294706
10307.5603375954
8651.53924338488
7528.04607027346
7491.54863568428
8242.56999499645
8959.35825049427
9181.23759868704
9484.23055161933
9304.64893811785
8174.93500585913
7015.02298341523
5920.14114261722
5001.7616362005
4669
4669
5037.11387543377
5265.51721269146
4897.40333725769
4775.72583486944
4775.72583486944