17027
17027
17027
17027
17027
17027
17017,6162635738
16453,6592342334
15024,6075035063
13991,2360154726
15429,671482626
17027
17027
17027
17027
17027
17027
17027
17027
17027
17027
17007,4865560392
17007,4865560392
17027
17027
17012,3531944413
17012,3531944413
17027
17027
16984,9026610387
16686,147738087
16478,391105819
16331,3382215109
16581,1921927402
17026,1743921404
17026,1743921404
17027
17027
17027
17027
17027
16975,5254096983
16872,0462225939
16623,4733946192
16633,2463764972
16933,2937947735
17025,3290775885
17025,3290775885
17027
17027
16298,8656258994
14858,8671509974
12690,6738060019
9524,55114709914
6556,45512336169
6137,38661846787
7958,63871544217
8577,53523686146
8279,46667693373
6458,75979421299