16549.3388113514
15220.4485824951
13765.11551957
12252.2782039174
10815.1544609188
9748.81109111222
9552.93534063167
10704.3108611127
11969.486730933
12739.1136423202
13597.8698257737
14166.0956990096
14057.0079182566
13285.7090754684
12258.0550163793
11021.401426427
9561.5478106961
8600.89501496946
9147.97645968802
10449.3680820191
11694.1987343459
13137.2132913558
14652.2096029345
16295.251261272
17165.9994310492
16786.0043425631
15925.1186497956
14733.3759677871
13280.7032703792
12032.4622353573
11751.4376938385
12251.2251896535
12896.0747370823
13183.4238287808
14273.0396038015
16255.5864913731
17139.7046695686
17082.3068289316
16515.2225673602
15520.3354796561
14318.7126367336
13163.1912967993
12079.7553167448
11379.6069845497
11803.3222074495
12652.9105772541
12729.7367121041
12387.0885066764
11822.4272168701
10715.9306975925
9372.57898511638
7819.9246207256
6026.99815537798
4876.95880557125
4669
4669
4669
4669
4669
4669