1012.56559257882
989.766392852166
933.793015766649
879.52914226427
897.21556986935
1124.97133901801
1394.90941885855
1405.1912288184
1390.3554061843
1518.56067629559
1522.65035431206
1415.28075908092
1181.73886097459
1116.24655971657
1082.83415496318
1035.30251927752
1036.69718828022
1364.50005943034
1622.64324056473
1697.0160089001
1788.13285469284
1925.51187825784
1986.52289223021
2128.06488681278
1562.26527317414
1384.92429188376
1303.23985786322
1244.71804320868
1205.81673411849
1367.13839146896
1684.73112262447
1780.52963561467
1792.71728415033
1689.91079360237
2056.43403178181
2027.85104768671
1733.72349282239
1472.98146222831
1273.58951309237
1276.53120030528
1212.94584910302
1322.44634262779
1269.08636669834
1544.53347328588
1797.00440882995
1689.64665102636
1462.88597085341
1619.88130877191
1396.84570021312
1316.2368867561
1308.10079397157
1243.52353204881
1209.61661729011
1808.69887601751
1823.66416240764
1886.70343733887
2035.20107971716
2138.40724353631
2241.67780737174
2659.21597404266