17027
17027
17027
17027
16971.755191255
16599.0229627836
15981.6893974143
16354.4216258858
16989.885477672
16977.2328339062
17014.3473562343
17027
17027
17027
17027
17027
17027
16850.783612235
16716.1098713229
16840.855995195
16975.5297361071
17027
17027
17027
17027
17027
17027
17027
17027
17027
17027
16910.5578678588
16910.5578678588
16864.1594819932
16776.6726064177
16939.5131244244
17027
16902.1395297004
16902.1395297004
17027
17027
17027
17027
16973.4118624558
16973.4118624558
17027
17027
17027
17027
17027
17027
17027
16977.5143091163
15629.2251007168
13662.0368737974
12444.7898477305
11230.7793123188
9733.33397556377
8431.04821867058
6267.02978989206