17027
17027
17027
17027
17027
17027
16652,1973464532
16266,5842385652
16641,3868921121
17027
17027
17027
17027
17027
17027
16794,9542665111
15794,431075932
13374,1650616225
11774,3747071548
11969,9554450808
13943,9456881454
15555,0806059634
16181,4039079458
17027
17027
17027
16796,9389658847
16151,7297888411
15035,1912844177
13711,4664100744
12159,4342174771
10059,5115009196
10146,8055221146
13517,5605175209
16328,8982274619
17027
17027
17027
17027
17027
17027
16625,9101915945
15911,5481104265
16312,637918832
17027
17027
17027
17027
17027
17019,2877111273
17004,2163364455
16947,6748486772
16497,5243166962
14153,900557587
9851,28241585211
6205,55791900308
6349,25840009604
8330,23707548863
9282,09555847502
8781,46415480653