1146.01101861331
1034.97480605825
973.340473563693
947.841647746111
1031.95125882095
891.744155732849
1175.58599633502
1484.96303915335
1328.30155297183
1142.72547652317
1347.61130019747
1189.60280893463
1056.85240853214
970.063580094652
903.900590433429
872.747034873859
964.480685680623
1240.22638345908
1356.86214499937
1541.87917553829
1486.68288117079
1572.2941565486
1687.21002976077
1398.62414883729
1195.33112495224
1108.93503276164
1074.96840150894
1035.91398727174
1045.66848409305
988.544108703096
1163.26898261336
1551.61142574719
1713.6966693374
1620.02950141854
1679.85416474011
1685.0893879041
1367.04396702922
1263.68356436169
1212.76170923942
1201.9607805917
1272.56534690933
1576.58767821011
1987.58404346304
1918.19671662367
1631.59551900726
1850.43711778203
2432.49740322516
2315.71560276072
1940.20942406883
1592.51025848586
1567.93804203111
1540.56331431997
1513.98921408107
1991.72009033447
2504.76932751901
2311.52850974882
2151.83686972923
2352.30694398459
2518.1250810519
2932.25161972639