17027
17027
17027
17027
17027
17012.4128396233
16983.7945384034
16998.3816987801
17027
17014.905315611
17014.905315611
17027
17027
17027
17027
17027
16840.2954824189
15943.8537319668
14636.1502153322
13686.1968035821
13960.0690518725
15806.4642140747
17027
17027
17011.8959217341
17011.8959217341
17027
17027
17027
17027
16893.5089033547
16097.4512876987
15676.9921239088
16261.9855866819
16815.9358471171
17027
17027
17027
17023.4490788337
16941.7283366133
16562.4652708661
15152.0977445148
12565.1200297461
10247.5121109921
10280.6628547748
13349.2254292677
15873.6632811181
16148.5781024864
15958.5744194781
15908.3345611098
15865.2976247624
15424.4402529654
14655.9812182418
12769.159806815
9136.76423752707
6102.34687935714
6584.7882978873
8101.21819775578
8785.2078178889
7772.6699619778