17027
17027
17027
17027
17027
17027
16969.0880312728
16547.8888966454
16340.106125388
16558.5933427959
16824.2880827804
17027
17027
17027
17027
17027
17027
17027
17027
16920.0724699065
16801.7120391204
16648.4739271744
16766.8343579605
17027
17027
17027
17027
17027
17027
17027
17027
16976.9548981103
16916.5689858699
16899.0387372701
16959.4246495106
17027
17027
17027
17027
17027
17027
17027
17027
16894.7636961228
16789.0132711693
16921.2495750465
17027
17027
17027
17027
17027
17027
17027
17027
17027
16974.4442097326
16974.4442097326
17027
17027
17027