########################################################################################## 50 por 1000
---------------------- 1
Melhor sulução encontrada em: 693

Pior Custo (BCO): 294806963.56
Pior rota (BCO):
17190, 13268.2, 9575.48, 11638.2, 5249.11, 15919.1, 5722.48, 7085.11, 9910.42, 8195.33, 10691.3, 6394.2, 6993.84, 7368.58, 5731.94, 16281.4, 13946.1, 9951.44, 15409.1, 5162.26, 8231.51, 15196.1, 7056.12, 14813.2, 12021.8
17027, 4887.73, 9833.98, 7145.23, 8889.23, 6567.63, 5188.47, 7467, 15120.9, 10068.7, 14398.9, 15697.9, 8804.6, 15446.7, 5647.04, 14018, 6500.18, 11637.1, 15733.9, 8812.58, 14322.2, 16791.2, 7908.84, 11095.7, 9591.36

Melhor Custo (BCO): 29279408.194
Melhor rota (BCO):
17190, 16498.9, 14754.4, 13266, 11491.7, 9837, 8406.25, 7416.37, 7583.25, 8279.81, 9280.24, 10512.1, 11369.2, 10653.8, 10305.8, 9605.85, 8387.51, 7407.81, 5901.94, 5221.2, 4968.76, 5886.03, 6008.78, 5975.61, 5077.45
17027, 16939.5, 16924.1, 16614.2, 16233.5, 15606.1, 14595.8, 14317.6, 14086.5, 14636.4, 15516.4, 15860.6, 15927.3, 16122.8, 15998.6, 15540.6, 15130.2, 13863.7, 13584.2, 12449.5, 13060.4, 12744.4, 12706.1, 12505.2, 9658.7


Gerações (Melhor Solução):
1983.5, 2364.26, 2014.04, 2019.98, 1885.55, 1909.41, 1846.38, 1950.38, 2172.16, 2028.28, 1954.12, 1538.23, 1814.61, 1335.87, 1436.99, 1571.48, 1540.76, 1667.6, 1782.8, 1869.85, 2150.69, 2629.56, 2665.18, 2715.29

EAS (Melhor Solução):
I(1) 12369.6, I(2) 11360, I(3) 10004.4, I(4) 8607.99, I(5) 7141.52, I(6) 5747.36, I(7) 4695.72, I(8) 4335.96, I(9) 4677.63, I(10) 5500.14, I(11) 6501.65, I(12) 7336, I(13) 7434.97, I(14) 7055.98, I(15) 6573, I(16) 5740.15, I(17) 4699.95, I(18) 3629.38, I(19) 2726.48, I(20) 2369.34, I(21) 2610.64, I(22) 2870.16, I(23) 2860.54, I(24) 2120.33

Tempo de execução (MGHP): 13870 ms
---------------------- 2
Melhor sulução encontrada em: 589

Pior Custo (BCO): 305551511.85
Pior rota (BCO):
17190, 4979.14, 12829.2, 10092.1, 12062.2, 11769.5, 8303.04, 11712.4, 14569.3, 7871.04, 14414.6, 8206.16, 16054.9, 13033.2, 9537.45, 14098.4, 8114.9, 15157, 5340.96, 17158.7, 6863.34, 13293.4, 8393.76, 14472.5, 16529.4
17027, 8331.41, 7464.58, 12603.1, 16834.1, 15944.5, 14731.2, 12800.2, 16253, 10393.8, 5740.21, 11152.6, 5002.27, 9354.8, 5704.37, 14849.6, 12539.7, 15397.8, 5913.81, 11410.7, 11263.3, 10756.2, 8335.59, 14690.7, 8734.08

Melhor Custo (BCO): 29562942.786
Melhor rota (BCO):
17190, 16096, 14939.9, 13271, 11391.9, 9779.35, 8264.21, 7519.99, 7744.65, 8657.3, 9648.25, 11161.1, 11526.6, 11245.5, 10793.7, 9966.23, 9171.29, 8327.67, 7210.5, 6117.99, 6409.06, 6249.84, 6057.78, 5693.29, 4669
17027, 17024.8, 16915.5, 16714, 16212.7, 15748.6, 15017.9, 14782, 14545.2, 15250, 15709.4, 15944.9, 16306.3, 16213.8, 16037.2, 15745.6, 15521.4, 14703.6, 14327.6, 13623.6, 12987.4, 12821.5, 12564.6, 12115.4, 9366.63


Gerações (Melhor Solução):
2246.32, 1973.78, 2112, 2123, 1812.91, 1891.69, 1692.01, 1931.45, 2019.69, 2161.49, 1808.21, 1795.62, 1613.67, 1427.12, 1483.94, 1262.8, 1361.56, 1502.15, 1971.39, 1925.87, 2726.86, 2815.37, 2815.58, 2665.11

EAS (Melhor Solução):
I(1) 12221.6, I(2) 11286.4, I(3) 10096.7, I(4) 8585.99, I(5) 7105.22, I(6) 5774.2, I(7) 4831.17, I(8) 4577.33, I(9) 5040.27, I(10) 5899.57, I(11) 6918.78, I(12) 7718.04, I(13) 7797.57, I(14) 7476.63, I(15) 6923.36, I(16) 6247.85, I(17) 5491.22, I(18) 4619.67, I(19) 3716.68, I(20) 3248.04, I(21) 3162.77, I(22) 2987.32, I(23) 2707.34, I(24) 1820.03

Tempo de execução (MGHP): 13740 ms
---------------------- 3
Melhor sulução encontrada em: 704

Pior Custo (BCO): 358272561.74
Pior rota (BCO):
17190, 5221.44, 8050.94, 16500.9, 9824.93, 4711.63, 16864.9, 13541.1, 9138.82, 13632.7, 5242.14, 5347.23, 6624.86, 10690, 12149.1, 6206.71, 16747.9, 12416, 15865.9, 4881.32, 15167.4, 13830, 8931.48, 14535, 5331.38
17027, 10193.9, 8653.12, 7277.98, 12221.4, 10790.6, 15748.7, 8328.36, 11340.1, 6658.56, 7642.92, 16468.4, 6700.97, 7319.52, 12839, 11146.9, 16235.3, 13409.1, 11821.5, 5726.69, 6943.85, 6807.55, 7256.18, 6504.08, 14513.1

Melhor Custo (BCO): 29904795.614
Melhor rota (BCO):
17190, 16552, 15311.1, 13407.6, 12648.6, 11297.9, 9290.65, 8124.25, 8282.86, 9647.18, 9817.97, 11134.6, 11491.3, 11494.7, 10123.3, 8905.6, 8269.33, 7498.5, 6263.44, 6003.57, 5750.38, 6015.22, 6521.23, 6410.52, 5065.17
17027, 16987.2, 16121.7, 16828.9, 15933.5, 16051.2, 15463, 15223.7, 14842.1, 14254.7, 16182, 15715.3, 14888.6, 14199.6, 15264.5, 15952.4, 15175.3, 14007.5, 13126, 12545.2, 12496.5, 12917.4, 13064.1, 12702.1, 9581.82


Gerações (Melhor Solução):
1933.06, 2238.52, 2026.09, 1479.01, 1508.11, 2210.28, 1985.69, 2031.44, 2072.53, 2303.85, 2125.74, 2096.13, 1552.43, 1675.27, 1451.73, 1295.07, 1386.32, 1666.02, 1409.31, 2058.02, 2345.77, 2387.26, 2778.94, 2716.48

EAS (Melhor Solução):
I(1) 12400.3, I(2) 11465.4, I(3) 10172.9, I(4) 9092.8, I(5) 8143.71, I(6) 6813.73, I(7) 5540.86, I(8) 5087.74, I(9) 5449.27, I(10) 6220.82, I(11) 7013.89, I(12) 7402.16, I(13) 7268.26, I(14) 6830.08, I(15) 6200.43, I(16) 5533, I(17) 4722.23, I(18) 3723.9, I(19) 3019.22, I(20) 2763.87, I(21) 2824.97, I(22) 3151.62, I(23) 3241.69, I(24) 2263.37

Tempo de execução (MGHP): 13540 ms
---------------------- 4
Melhor sulução encontrada em: 703

Pior Custo (BCO): 347479737.21
Pior rota (BCO):
17190, 6826.45, 15799.2, 7239.4, 11227.9, 16064.1, 13451, 15285.5, 14689.2, 5421.9, 6951.55, 9680.83, 6848.36, 11603.6, 4797.97, 6154.08, 16505.5, 11472, 11546.4, 5684.82, 10463.5, 8572.15, 4760.74, 16646.3, 13202
17027, 12273.4, 10755.7, 8800.25, 11774.8, 10369.8, 9640.59, 15818.3, 12515.7, 8257.28, 5920.92, 6585.49, 7137.37, 14655.9, 4691.22, 4649.92, 15404.8, 6961.55, 9634.93, 5118.45, 13859.1, 9763.21, 6595.58, 13178.2, 16529.8

Melhor Custo (BCO): 29123370.649
Melhor rota (BCO):
17190, 16503.9, 15243.8, 13893.9, 12091.5, 10321, 8626.82, 8438.68, 8301.67, 9482.31, 11385.7, 12683, 13382.1, 12714.4, 12054.4, 11550.4, 10217.1, 8370.15, 8003.79, 6866.22, 6244.28, 6528.76, 6460.12, 5674.17, 4941.88
17027, 17015.8, 16886, 16452.5, 16470.7, 15879.6, 15410.3, 13637.7, 14322.7, 15319.3, 15570.2, 15990.4, 16273, 16676, 16236.6, 16161.8, 15975.4, 15496.4, 12864.7, 12048.8, 12752.5, 13134.5, 14258.6, 14424.2, 11041.7


Gerações (Melhor Solução):
1959.68, 2058.42, 1960.21, 1944.46, 1968.9, 1952.39, 1752.44, 1915.24, 1785.25, 1639.52, 1915.98, 1609.8, 1769.25, 1663.08, 1232.04, 1635.02, 1932.56, 1627.57, 2011.5, 2104.72, 2370.55, 2504.3, 2859.77, 2809.19

EAS (Melhor Solução):
I(1) 12386.1, I(2) 11567.6, I(3) 10411.6, I(4) 9094.67, I(5) 7633.01, I(6) 6184.22, I(7) 5141.68, I(8) 4848.2, I(9) 5491.04, I(10) 6805.84, I(11) 8113.84, I(12) 9005.45, I(13) 9142.45, I(14) 8623.99, I(15) 8088.81, I(16) 7355.85, I(17) 6087.69, I(18) 4790.23, I(19) 3728.99, I(20) 3147, I(21) 3210.81, I(22) 3518.34, I(23) 3457.03, I(24) 2487.59

Tempo de execução (MGHP): 13680 ms
---------------------- 5
Melhor sulução encontrada em: 737

Pior Custo (BCO): 339666582.52
Pior rota (BCO):
17190, 5707.53, 7264.06, 15112.2, 11289.1, 4825.1, 12569.4, 12627.6, 12597.1, 9146.57, 5365.43, 6037.59, 16191.2, 15801.5, 10186.3, 11144.6, 5508.93, 16058, 16189.5, 6886.65, 11314.1, 8319.72, 15124.8, 9204.04, 12579.3
17027, 4822.91, 7172.35, 12150.9, 6126.22, 12263.1, 12764.2, 9945.52, 13296.1, 15345.3, 7878.79, 7426.81, 15500.6, 15736.9, 15342.8, 10932.2, 7736.5, 16035.5, 12293.5, 6743.09, 14654.5, 5327.23, 13184, 15489.9, 16655.3

Melhor Custo (BCO): 30181613.435
Melhor rota (BCO):
17190, 16689.7, 15500.2, 14076.6, 12201.3, 10709.5, 9086.43, 8495.83, 7978.5, 8953.68, 10728.8, 11034.1, 11326.5, 11132.9, 10626.2, 9668.83, 8788.55, 7640.94, 6956.4, 7262.89, 6826.08, 6600.82, 6478.78, 6564.62, 5631.28
17027, 17027, 16953.8, 16815, 16467.9, 16129.2, 15566.7, 14764.8, 15727.1, 16383.5, 15769.4, 17027, 16558.2, 16136.1, 15854.8, 15592.3, 15309.1, 15145.3, 14674.9, 13962.2, 13367.5, 13208.7, 13051.6, 12609.4, 9885.31


Gerações (Melhor Solução):
1824.18, 1996.92, 1938.28, 2100.08, 1722.09, 1946.23, 1770.03, 2103.89, 2027.95, 1964.4, 2349.76, 2079.6, 1643.93, 1488.4, 1554.76, 1326.33, 1369.55, 1256.32, 1146.03, 2376.83, 2778.93, 2816.78, 2685.55, 2765.43

EAS (Melhor Solução):
I(1) 12463.9, I(2) 11761.9, I(3) 10666.8, I(4) 9273.75, I(5) 7863.25, I(6) 6558.65, I(7) 5538.36, I(8) 5182.95, I(9) 5617.44, I(10) 6597.68, I(11) 7471.07, I(12) 7833.61, I(13) 7711.78, I(14) 7326.83, I(15) 6695.42, I(16) 5943.13, I(17) 5161.23, I(18) 4437.41, I(19) 4117.15, I(20) 3861.4, I(21) 3527.05, I(22) 3366.39, I(23) 3260.32, I(24) 2511.93

Tempo de execução (MGHP): 13700 ms
---------------------- 6
Melhor sulução encontrada em: 347

Pior Custo (BCO): 375248367.78
Pior rota (BCO):
17190, 12234.1, 6037.08, 16305, 11891.1, 12876.4, 5249.36, 15606.9, 5693.44, 6537.78, 17021.9, 8291.64, 15215.6, 16236.6, 8536.11, 6160.92, 17120.7, 6140.72, 6726.82, 8689.15, 5057.85, 12231.2, 7569.65, 7402.97, 9094.41
17027, 12580.6, 9048.1, 16441.9, 9040.81, 14832.6, 8679.35, 15753.2, 9903.26, 10040.1, 14872.9, 4632.75, 5749.58, 15450.2, 15512.1, 6768.54, 4854.94, 15344.9, 10371.8, 15345.1, 14396.7, 14218.2, 16829, 14327.7, 15682

Melhor Custo (BCO): 29864531.685
Melhor rota (BCO):
17190, 16540.4, 14914.4, 13432.3, 12222, 10587.6, 9560.86, 8765.04, 8469.41, 9978.9, 10897.9, 11952, 12223.6, 12360, 12036.4, 11363.7, 10166.9, 8961.2, 7646.61, 6906.87, 6464.77, 6644.69, 7181.38, 7282.32, 5200.22
17027, 17026.6, 16950.2, 16544.9, 16333.1, 15916.7, 15632.5, 14909.1, 16435.1, 15596.9, 16145.2, 16016.5, 16468.6, 16449.4, 16368.2, 16248.2, 15882.3, 15299, 13912.1, 13494.3, 12828.7, 13475.8, 13795.8, 12654.3, 10782.3


Gerações (Melhor Solução):
1930.85, 2300.54, 2038.52, 1599.33, 1834.74, 1485.68, 1889.04, 1834.07, 2092.73, 2216.22, 2224.24, 1846.58, 1324.4, 1332.77, 1358.82, 1591.27, 1552.65, 1905.33, 1697.69, 2369.09, 2378.32, 2368.56, 2876.55, 2790.44

EAS (Melhor Solução):
I(1) 12403, I(2) 11462.8, I(3) 10125.7, I(4) 8958.27, I(5) 7763.32, I(6) 6660.24, I(7) 5834.78, I(8) 5590.79, I(9) 6135.58, I(10) 6958.83, I(11) 7762.7, I(12) 8320.63, I(13) 8554.12, I(14) 8464.54, I(15) 8050.65, I(16) 7267.26, I(17) 6229.63, I(18) 5012.18, I(19) 4025.41, I(20) 3469.08, I(21) 3382.84, I(22) 3766.86, I(23) 3841.47, I(24) 2741.6

Tempo de execução (MGHP): 13630 ms
---------------------- 7
Melhor sulução encontrada em: 642

Pior Custo (BCO): 303678169.95
Pior rota (BCO):
17190, 9977.74, 13687.8, 14114.8, 13704.5, 16286.4, 6881.94, 10343.1, 5541.03, 14502.6, 15985.6, 8869.75, 12403.7, 15132.8, 7919.81, 5116.82, 16522.5, 13365.3, 8676.73, 14288.5, 4749.81, 16014.5, 9687.86, 10791.6, 9748.12
17027, 9725.33, 14179.9, 8870.19, 12211, 13911.7, 12934.7, 16120.8, 6738.06, 9451.23, 13062.1, 15725.2, 8552.45, 15263.2, 8914.92, 9419.82, 12590.2, 7716.92, 13598.1, 7829.51, 5670.75, 16831.5, 8274.93, 5006.81, 13027.3

Melhor Custo (BCO): 30582798.357
Melhor rota (BCO):
17190, 16789.5, 15702.4, 14193.9, 12219.5, 10882.2, 9395.9, 8610.96, 8570.7, 10689.4, 11557.6, 12836.2, 13450.8, 12069.9, 11531.6, 10695.8, 8531.66, 8332.77, 7828.01, 7470.63, 7003.08, 7061.21, 6814.13, 6374.31, 4938.28
17027, 16570.1, 16456.3, 16335.4, 16504.6, 15601.7, 15622.6, 15631.3, 15002.9, 14660.8, 15615.2, 15278.6, 14168.2, 15490.4, 14155.2, 13620.9, 17027, 15037.9, 14820.1, 14216.6, 13633.3, 13485.4, 13263.6, 12922.6, 9598.42


Gerações (Melhor Solução):
1873.9, 1929.66, 1988.03, 2024.79, 1770.4, 1701.82, 1690.2, 2235.79, 1540.47, 2133.92, 2119.64, 2002.38, 1972.11, 1781.65, 1532.98, 1112.25, 1276.52, 1088.92, 1537.38, 2406.84, 2678.65, 2895.33, 2884.21, 2713.57

EAS (Melhor Solução):
I(1) 12417.9, I(2) 11704.8, I(3) 10613.3, I(4) 9245.74, I(5) 7847.15, I(6) 6650.32, I(7) 5845.22, I(8) 5450.93, I(9) 6014.28, I(10) 7203.83, I(11) 8117.35, I(12) 8580.24, I(13) 8324.46, I(14) 7596.11, I(15) 6759.6, I(16) 6172.55, I(17) 5586.09, I(18) 4968.65, I(19) 4540.31, I(20) 4071.52, I(21) 3819.29, I(22) 3698.66, I(23) 3389.13, I(24) 2249.85

Tempo de execução (MGHP): 13850 ms
---------------------- 8
Melhor sulução encontrada em: 688

Pior Custo (BCO): 393714926.47
Pior rota (BCO):
17190, 11428.1, 5548.66, 4811.4, 16209.2, 11689.9, 12715.4, 10972.9, 15989, 5897.38, 16950.6, 12638.7, 15035.2, 6300.51, 6136.49, 7859.82, 13309.8, 5894.91, 16321, 17121.7, 6367.88, 17081.7, 15098.9, 6447.33, 9357.37
17027, 10082.7, 4978.97, 8006.2, 16238, 5803.39, 9110.89, 5055.61, 12526.3, 9985.84, 5197.25, 11550.8, 16969.2, 13200.6, 5367, 15774.5, 14422.4, 5128.85, 11247.6, 12279.1, 6751.63, 12707.2, 15452.8, 15346.2, 13926.6

Melhor Custo (BCO): 29697700.898
Melhor rota (BCO):
17190, 16824.4, 15559.5, 14436.9, 12726.7, 10534.7, 8592.94, 7313.03, 8470.78, 9303.05, 10428.8, 11677.5, 12346.7, 11438.7, 10983.4, 10498.4, 9961.97, 8197.38, 6513.24, 6014.35, 6272.15, 6213.81, 6589.92, 6367.24, 4857.48
17027, 15885.1, 16779.9, 16585.9, 16221.3, 15918.1, 15657.6, 17027, 14894.7, 15265.8, 15647.8, 16178.8, 16395.9, 15472.8, 15414, 16054.7, 13823.8, 14256.9, 14321.8, 12876.7, 12388.1, 12553.6, 13478.6, 13073, 10199.9


Gerações (Melhor Solução):
2027.62, 1776.82, 1742.48, 1997.49, 2179.2, 2059.96, 1617.2, 1888.15, 2174.7, 2106, 1912.39, 1641.35, 2256.97, 1389.92, 1004.72, 1629.44, 1603.52, 1717.8, 1790.65, 1885.56, 2597.35, 2274.71, 2850.03, 2742.62

EAS (Melhor Solução):
I(1) 12301.8, I(2) 11592.8, I(3) 10760.3, I(4) 9532.74, I(5) 7913.04, I(6) 6297.97, I(7) 5362.32, I(8) 5190.33, I(9) 5575.93, I(10) 6399.16, I(11) 7426.15, I(12) 8279.21, I(13) 8061.98, I(14) 7376.6, I(15) 7132.32, I(16) 6481.51, I(17) 5357.4, I(18) 4269.08, I(19) 3341.65, I(20) 2961.91, I(21) 2973.57, I(22) 3243.32, I(23) 3373.89, I(24) 2335.63

Tempo de execução (MGHP): 13470 ms
---------------------- 9
Melhor sulução encontrada em: 674

Pior Custo (BCO): 345060420.92
Pior rota (BCO):
17190, 9571.66, 5450.06, 8915.23, 10210.6, 13425.2, 8377.03, 12245.9, 5519.68, 16274.9, 5509.79, 16616.8, 6483.54, 7637.84, 6360.88, 10630.9, 11641.8, 7012.98, 17064.8, 8241.75, 14166.8, 13824.8, 16802.4, 5851.78, 15093.2
17027, 7922.19, 12660.3, 6002.23, 16104.8, 13928.2, 14881.5, 12733.9, 6350.62, 15658.3, 16957.4, 11862.5, 11913.7, 8191.6, 6944.83, 12759.8, 7281.42, 7781.13, 12189.6, 9086.25, 10734.1, 13872.4, 15016.3, 5215.61, 16203.9

Melhor Custo (BCO): 29065050.465
Melhor rota (BCO):
17190, 16531.7, 15575.9, 13980.7, 12383.4, 10606.5, 8644.27, 7747.15, 8457.96, 8915.96, 10264.3, 11691.1, 12210.7, 12115.1, 11455, 10777.4, 9497.88, 8508.58, 6827.38, 5957.21, 6133.55, 6262.62, 6024.63, 5488.24, 4756.55
17027, 17027, 16934.6, 16906.1, 16490.3, 15890.9, 15836.5, 15349, 14141.6, 15369.9, 15245.1, 16904.8, 16325.1, 16338, 16172.1, 15609.5, 15506.3, 15045.6, 13859.5, 13251.4, 13039.6, 12706.1, 12997.2, 13289.5, 10902.2


Gerações (Melhor Solução):
1936.95, 1834.94, 2028.5, 1930.6, 1982.39, 2020.69, 1875.01, 1893.91, 2173.2, 2087.28, 1494.97, 1963, 1470.64, 1576.66, 1469.24, 1554.91, 1365.18, 2057.19, 1796.87, 1875.37, 2626.34, 2698.61, 2701.5, 2770.96

EAS (Melhor Solução):
I(1) 12399.5, I(2) 11724.9, I(3) 10672.1, I(4) 9328.04, I(5) 7854.35, I(6) 6368.39, I(7) 5272.53, I(8) 4921.89, I(9) 5326.45, I(10) 6150.05, I(11) 7427.64, I(12) 8350.58, I(13) 8409.81, I(14) 8095.74, I(15) 7464.94, I(16) 6630.32, I(17) 5724.31, I(18) 4530.91, I(19) 3408.5, I(20) 3061.83, I(21) 3070.93, I(22) 3030.5, I(23) 2883.86, I(24) 2185.3

Tempo de execução (MGHP): 13640 ms
---------------------- 10
Melhor sulução encontrada em: 673

Pior Custo (BCO): 340221869.07
Pior rota (BCO):
17190, 8502.01, 11280.1, 13256, 13032.8, 17058.1, 6166.87, 12060.6, 15035.2, 6386.34, 15588.6, 5351.94, 13754.3, 16077, 7785.85, 15121.1, 4941.01, 16542, 10421.2, 12783.6, 12077.7, 15383.9, 17015.3, 5836.8, 15977.5
17027, 7439.19, 10920.7, 7606.08, 15836.6, 11357, 11646.7, 13118.5, 15169.5, 5768.46, 9205.55, 11034.5, 5637.31, 10695.4, 5932.58, 15948, 12403.6, 16793.8, 16627.3, 8986.22, 15686.8, 7273.47, 6928.43, 15957.3, 6628.93

Melhor Custo (BCO): 29433861.721
Melhor rota (BCO):
17190, 16401.3, 15341.7, 14318.7, 12501.5, 10951.6, 8996.05, 8211.31, 8533.29, 9047.26, 10475.7, 11607, 12058.1, 11983.5, 11177.1, 10657.3, 9836.81, 8369.22, 7160.11, 6537.92, 6287.76, 6437.74, 6672.07, 6317.74, 5236.22
17027, 17022.2, 16886, 16492.5, 16518.5, 16006.3, 15580.7, 14908.2, 14614.6, 14825.5, 15545.5, 16141.2, 16313.6, 15890.2, 16190.5, 15826.3, 15359.8, 15081.8, 13737.5, 13170.1, 12783.2, 13459.3, 13300.2, 12771.7, 9497.16


Gerações (Melhor Solução):
2030.94, 1917.89, 1724.79, 1962.25, 1813.28, 2125.01, 1856.02, 1903.19, 2402.41, 1813.83, 1971.03, 1797.34, 1569.59, 1541.49, 1308.99, 1355.1, 1622.98, 1811.51, 1649.62, 2172.73, 2380.43, 2643.98, 2901.61, 2723.14

EAS (Melhor Solução):
I(1) 12345.5, I(2) 11566.9, I(3) 10628, I(4) 9435.67, I(5) 8054.23, I(6) 6594.32, I(7) 5435.04, I(8) 5111.54, I(9) 5385.98, I(10) 6230.11, I(11) 7392.62, I(12) 8121.72, I(13) 8219.13, I(14) 7864.65, I(15) 7359.23, I(16) 6721.91, I(17) 5775.44, I(18) 4581.43, I(19) 3667, I(20) 3237.78, I(21) 3251.93, I(22) 3455.33, I(23) 3308.19, I(24) 2284.55

Tempo de execução (MGHP): 13610 ms

########################################################################################## 100 por 1000

---------------------- 1
Melhor sulução encontrada em: 998

Pior Custo (BCO): 380563177.2
Pior rota (BCO):
17190, 5531.63, 15711.5, 14829.8, 15734, 6880.12, 16411.4, 5249.49, 16538, 5888.45, 13990.4, 14609.6, 4881.69, 11398, 8167.49, 5853.15, 16796.6, 11981.7, 6973.41, 16217.7, 13369.8, 7853.22, 11035.3, 11249.2, 6759.48
17027, 8532.29, 12354, 11471, 9357.5, 11736.9, 11699.3, 16330.8, 12594.9, 10228.7, 13983.2, 11146.7, 12428, 13208.7, 11724.1, 11779.5, 14421.6, 8541.66, 9212.93, 14633.2, 15234.7, 12692.7, 15811, 14843.4, 7512.31

Melhor Custo (BCO): 29043651.217
Melhor rota (BCO):
17190, 16505, 15358.5, 13849.4, 12503.6, 11329.7, 10280.8, 9854.52, 10115.4, 11058.7, 12733.4, 13609.4, 13651.7, 13056.2, 12043.5, 10753.7, 9620.32, 8288.94, 7361.81, 7090.98, 6656.78, 6724.9, 6675.52, 6599.02, 4669
17027, 17026.2, 16947.8, 16722.1, 16493.7, 16056.7, 16012.7, 15708.9, 15781.2, 16166.8, 16343, 16727.9, 16711.7, 16678.1, 16452.4, 16165.2, 15670.5, 14868.3, 14169.1, 13710.5, 13249.8, 13284, 13427.7, 13229.6, 9989.23


Gerações (Melhor Solução):
1956.17, 1965.2, 2017.78, 1705.11, 1543.47, 1451.01, 1565.98, 1896.84, 2152.84, 1840.59, 2242.61, 2160.74, 1847.34, 1848.95, 1813.99, 1571.81, 1674.25, 1471.4, 1427.45, 2329.96, 2604.45, 2738.06, 2743.71, 2724.78

EAS (Melhor Solução):
I(1) 12388.5, I(2) 11628.1, I(3) 10500.9, I(4) 9290.79, I(5) 8202.5, I(6) 7285.86, I(7) 6685.68, I(8) 6585.41, I(9) 7103.92, I(10) 8179.59, I(11) 9260.4, I(12) 9686.93, I(13) 9460.98, I(14) 8790.34, I(15) 7824.36, I(16) 6792.22, I(17) 5688.03, I(18) 4658.54, I(19) 4069.53, I(20) 3691.47, I(21) 3505.85, I(22) 3540.23, I(23) 3491.41, I(24) 2340.44

Tempo de execução (MGHP): 26320 ms
---------------------- 2
Melhor sulução encontrada em: 996

Pior Custo (BCO): 320734903.32
Pior rota (BCO):
17190, 8196.01, 11744.1, 9995.77, 11289, 9784.78, 9734.1, 17015.5, 6143.24, 14622.3, 5256.19, 14536.1, 15006.3, 6884.44, 11289.1, 15568.6, 5887.78, 16336.7, 7130.65, 7367.97, 16424.8, 13567.1, 14290.6, 6672.97, 15667.7
17027, 6941.89, 6197.62, 8526.22, 6409.53, 13703.6, 4586.36, 16069.5, 4757.72, 11623.6, 8913.77, 11342.3, 16712, 13951.8, 11168.8, 5724.31, 11397.8, 11752.9, 15538.6, 9225.84, 13956.4, 9669.23, 7613.07, 15168.7, 8820.54

Melhor Custo (BCO): 28666546.81
Melhor rota (BCO):
17190, 16444.5, 15348.9, 13921.3, 12298.7, 10979, 9367.63, 8545.88, 8536.01, 9753.5, 11391.4, 12765.7, 13115.5, 12997.1, 12220.6, 11075, 10010.4, 8978.63, 7843.98, 6350.36, 6265.86, 6184.13, 6215.52, 5732.93, 4883.32
17027, 17027, 16982.2, 16864.3, 16605.3, 15852.1, 15524.3, 15380.3, 15346.7, 15572.4, 16000, 16438.9, 16646.2, 16504.2, 15797.5, 16206.5, 15899.7, 15364.4, 13984.7, 13698.5, 12872, 12888, 13269.2, 13347, 9726.76


Gerações (Melhor Solução):
1998.98, 1919.57, 1933.18, 1904.05, 1722.45, 1879.26, 1750.48, 2060.86, 1983.55, 1776.97, 1870.38, 1876.58, 1542.43, 1812.87, 1527.67, 1483.61, 1426.4, 1795.38, 2114.01, 2192.89, 2656.82, 2602.5, 2762.3, 2720.43

EAS (Melhor Solução):
I(1) 12364, I(2) 11606.2, I(3) 10558.5, I(4) 9285.23, I(5) 7976.06, I(6) 6701.75, I(7) 5752.35, I(8) 5432.23, I(9) 5886.97, I(10) 7027, I(11) 8305.24, I(12) 9083.7, I(13) 9185.34, I(14) 8685.56, I(15) 7901.66, I(16) 7099.34, I(17) 6194.42, I(18) 5108.99, I(19) 3953.03, I(20) 3269.55, I(21) 3089.91, I(22) 3136.62, I(23) 3069.09, I(24) 2126.49

Tempo de execução (MGHP): 26940 ms
---------------------- 3
Melhor sulução encontrada em: 999

Pior Custo (BCO): 292555787.55
Pior rota (BCO):
17190, 6310.26, 13312.7, 8929.24, 9304.33, 15761, 15812.4, 16007.8, 5932.18, 9500.17, 7834.38, 10073.1, 4833.82, 12066.7, 7963.84, 5847.9, 14254.6, 11699.2, 16283.3, 15720.9, 11728.7, 16683.3, 13369.3, 4755.81, 16268.4
17027, 9390.74, 16843.2, 4888.48, 10065.4, 15442.1, 4930.73, 7101.26, 4620.59, 13528.1, 11338.7, 9231.11, 12106.8, 9968.44, 8055.22, 13363.2, 14773.8, 11203.7, 6284.47, 14937.7, 6107.73, 9561.68, 16110.3, 15642, 16554.2

Melhor Custo (BCO): 28925105.076
Melhor rota (BCO):
17190, 16625.8, 15407, 13995.8, 12350.3, 10728.3, 9137.94, 7932.63, 7673.87, 9829.55, 11194.5, 12746.5, 13476.3, 13552.5, 11980, 10984.9, 9407.04, 8151.47, 7310.05, 6733.34, 6095.48, 5987.5, 5981.64, 6155.86, 4882.06
17027, 16937.2, 16945, 16763.3, 16334, 15848.4, 15431.9, 16273.8, 17027, 15211.9, 15171, 15901.8, 16171.4, 15548.7, 15940.4, 15678.2, 15423.3, 14926.4, 14014.2, 13150.2, 12484.2, 12859.3, 12823.9, 13161.4, 9945.82


Gerações (Melhor Solução):
1893.64, 1993.58, 1939.33, 1964.82, 1847.61, 1882.91, 1724.36, 2016.19, 1935.66, 2061.98, 1656.14, 1590.99, 1530.99, 2051.19, 1604.1, 1791.45, 1538.87, 1471.92, 1705.6, 2460.86, 2555.5, 2707.76, 2433.34, 2731.18

EAS (Melhor Solução):
I(1) 12420.9, I(2) 11679.6, I(3) 10586, I(4) 9266.48, I(5) 7852.07, I(6) 6511.38, I(7) 5595.9, I(8) 5365.47, I(9) 5838.58, I(10) 6773.93, I(11) 7978.09, I(12) 9031.91, I(13) 9280.98, I(14) 8659.38, I(15) 7708.88, I(16) 6670.06, I(17) 5533.21, I(18) 4578.86, I(19) 3819.89, I(20) 3188.63, I(21) 2911.35, I(22) 2929.19, I(23) 3028.29, I(24) 2255.43

Tempo de execução (MGHP): 26710 ms
---------------------- 4
Melhor sulução encontrada em: 260

Pior Custo (BCO): 297243079.49
Pior rota (BCO):
17190, 9886.28, 15518.4, 15388.6, 11881.8, 14812.7, 7072.09, 5308.46, 15847.8, 5730.82, 5500.55, 10198.1, 15393.6, 8218.37, 16771.3, 13561.1, 9462.7, 16536.4, 8135.72, 17128.5, 9798.07, 10974.1, 8147.56, 10034.4, 4891.66
17027, 6516.77, 12780, 16349.3, 5878.82, 11739.5, 13850.7, 7267.71, 16928.9, 12188, 5475.95, 11649.1, 9823.45, 7866.18, 12285.1, 8488.46, 8922.31, 13112.2, 13988, 7135.51, 16642.6, 13571.5, 15980, 8956.64, 12921.4

Melhor Custo (BCO): 28139090.41
Melhor rota (BCO):
17190, 16710.5, 15669.6, 14336.2, 13078.3, 11910.4, 10508.5, 10096.8, 10576.7, 11536.1, 12643.6, 13594.4, 13596, 13361.4, 12470.4, 11266, 10011.9, 8864.47, 7343.93, 6178.69, 5610.5, 5836.69, 5927.41, 6007.23, 5097.08
17027, 17027, 16964.8, 16854.8, 16658.9, 16414.3, 16057.9, 15508.2, 15998.3, 16318.7, 16515.4, 16719.6, 16733.4, 16672.1, 16204.4, 16345.2, 15689.5, 15077, 14267.4, 13528.6, 12148.3, 12755.1, 12410, 12492.7, 10580.1


Gerações (Melhor Solução):
1809.28, 1889.47, 1871.17, 1646.47, 1499.19, 1781.28, 1624.95, 1647.85, 2171.29, 2222.64, 2241.18, 2180.31, 1607.51, 1836, 1648.44, 1704.84, 1517.3, 1877.68, 2024.73, 2576.65, 2306.9, 2713.63, 2525.3, 2765.37

EAS (Melhor Solução):
I(1) 12472.4, I(2) 11841.4, I(3) 10848.5, I(4) 9760.8, I(5) 8737.32, I(6) 7657.09, I(7) 6828.94, I(8) 6843.29, I(9) 7515.64, I(10) 8385, I(11) 9249.54, I(12) 9661.57, I(13) 9561.46, I(14) 9026.66, I(15) 8165.68, I(16) 7157.34, I(17) 6068.19, I(18) 4898.46, I(19) 3753.86, I(20) 2873.01, I(21) 2649.52, I(22) 2786, I(23) 2797.6, I(24) 2269.96

Tempo de execução (MGHP): 26730 ms
---------------------- 5
Melhor sulução encontrada em: 986

Pior Custo (BCO): 301807092.24
Pior rota (BCO):
17190, 12174.6, 5305.5, 15184.7, 7774.54, 12075.3, 10450.3, 16634, 17183.3, 11921, 5410.7, 14214.1, 14891.5, 13581.1, 8276.01, 8392.38, 9623.01, 7580.64, 16007.1, 9210.76, 9261.5, 8034.86, 4856.34, 17023.6, 9281.44
17027, 11934.5, 16345.5, 12699.7, 6247.34, 16800.5, 10898.6, 5262.23, 11812, 11531.7, 15721.7, 14900.9, 6444.41, 9018.02, 14347.9, 6437.79, 16231.2, 15085.6, 15931.8, 13945, 11496, 7065.48, 5194.47, 16423.5, 9961.54

Melhor Custo (BCO): 29181716.024
Melhor rota (BCO):
17190, 16946.1, 16251.7, 14981.1, 13257.5, 11859.9, 10075.4, 8696.56, 8753.43, 9377.59, 10817.4, 11214.7, 11747.1, 10618.1, 9491.05, 8700.12, 8382.03, 7402.34, 6474.59, 5739.45, 5548.73, 5774.68, 5979.71, 5800.55, 5088.78
17027, 17027, 16998.6, 16915.7, 16686.4, 16052, 15736.2, 15750, 15906.3, 16676.8, 15771.3, 16313.1, 15962.6, 15729.1, 15721, 15297, 14977.8, 14186.4, 13052, 12207.1, 11858.9, 13056.5, 12878.5, 12375.6, 10165.8


Gerações (Melhor Solução):
1640.29, 1637.08, 1829.84, 1987.01, 1761.44, 2012.17, 2079.21, 1983.43, 2237.3, 2265.4, 2472.49, 1876.86, 2202.58, 1802.95, 1468.71, 961.32, 1416.39, 1549.78, 1747.45, 2073.05, 2159.37, 2624.09, 2799.45, 2735.13

EAS (Melhor Solução):
I(1) 12568.4, I(2) 12180.6, I(3) 11361.2, I(4) 10102.6, I(5) 8726.17, I(6) 7356.03, I(7) 6155.73, I(8) 5719.5, I(9) 6118.88, I(10) 6834.74, I(11) 7444.4, I(12) 7824.98, I(13) 7498.29, I(14) 6628.7, I(15) 5869.38, I(16) 5355.21, I(17) 4724.69, I(18) 3777.94, I(19) 2938.63, I(20) 2473.98, I(21) 2614.03, I(22) 2902.6, I(23) 2804.7, I(24) 2127.74

Tempo de execução (MGHP): 26780 ms
---------------------- 6
Melhor sulução encontrada em: 962

Pior Custo (BCO): 330541002.86
Pior rota (BCO):
17190, 12977.2, 13400.7, 14630.7, 15127.4, 6719.61, 17176.8, 7620.25, 14594.2, 12952, 13072.6, 8957.52, 13657.1, 11662.2, 6879.08, 5105.84, 16715.5, 6043.56, 16512, 10970.4, 7698.86, 11764.3, 16044.3, 9151.72, 8520.36
17027, 7755.93, 16083.4, 7064.38, 14361, 7927.1, 14851.4, 13366.2, 16190.8, 11082.3, 10820.6, 14139.3, 13121.9, 10807.5, 4620.71, 10540, 6592.25, 12979.4, 14805.6, 15532.3, 7481.21, 17003.8, 15966.8, 7009.23, 5917.02

Melhor Custo (BCO): 28756666.389
Melhor rota (BCO):
17190, 16338.4, 14942.2, 13257.7, 11677.9, 10689.2, 8717.92, 7900.89, 8465.31, 9244.38, 10190.3, 12588.2, 12172.5, 12340.4, 11442.6, 10876.9, 9705.41, 8348.27, 6444.78, 5541.06, 5407.38, 5604.53, 5327.62, 5233.19, 4669
17027, 17016.2, 16940.6, 16912.8, 16366.1, 14880, 15474.8, 14618.3, 14118.8, 14616.8, 16695.2, 15371.8, 15901.5, 16353.3, 16218.1, 16227, 15927.1, 15792.6, 15291.7, 14254.4, 11983.4, 11237, 11569.5, 10838.7, 8822.34


Gerações (Melhor Solução):
2077.22, 2136.39, 2076.85, 1939.16, 1681.84, 1842.72, 1913.93, 1792.67, 2154.09, 1776.24, 1639.94, 2278.72, 1168.86, 1730.56, 1243.13, 1548.02, 1521.02, 2026.34, 1944.12, 2545.54, 2607.36, 2593.36, 2727.19, 2567.45

EAS (Melhor Solução):
I(1) 12318.7, I(2) 11388.4, I(3) 10133.5, I(4) 8754.13, I(5) 7419.88, I(6) 6185.92, I(7) 5164.85, I(8) 4850.34, I(9) 5311.52, I(10) 6361.89, I(11) 7719.1, I(12) 8325, I(13) 8407.46, I(14) 8187.21, I(15) 7615.27, I(16) 6923.93, I(17) 5942.08, I(18) 4714.33, I(19) 3550.88, I(20) 2705.79, I(21) 2264.62, I(22) 2179.52, I(23) 2012.15, I(24) 1431.45

Tempo de execução (MGHP): 27280 ms
---------------------- 7
Melhor sulução encontrada em: 991

Pior Custo (BCO): 330096353.34
Pior rota (BCO):
17190, 6214.02, 13123.8, 10052.5, 8723.38, 15878.4, 7903.92, 11729.2, 15293.8, 10918.5, 15157.3, 14841.2, 5594.35, 6449.15, 15652.9, 4850.49, 11664.4, 5362.52, 16468.5, 14654.8, 6334.05, 16640.7, 5722.59, 11728.5, 12287
17027, 7620.13, 10308.2, 16617, 13568.9, 9984.99, 4854.14, 14209.5, 11521.7, 13263.7, 7110.18, 15554.4, 11959.1, 10327.8, 10122.8, 10073.1, 16543.9, 8100.98, 7736.89, 5010.27, 9871.61, 6208.03, 5190.78, 16829.6, 6897.83

Melhor Custo (BCO): 28312202.211
Melhor rota (BCO):
17190, 16556.6, 15421.5, 13916.7, 12396.9, 10959.5, 9264.55, 8059.06, 7783.58, 9010.99, 10370.4, 11579.5, 11869.6, 11123.2, 10596, 9626.39, 8626.79, 7455.74, 6329.17, 5058.69, 5787.88, 5747.3, 5688.27, 5397.18, 4669
17027, 17012.1, 16953.2, 16783.4, 16458.4, 15981.8, 15768.5, 15501.3, 15323.6, 15338.7, 15841.2, 16267.2, 16432.1, 17027, 16037.2, 15533.4, 15279.2, 14621.5, 13962.6, 13933.7, 12246.1, 12071.9, 11848.3, 11280.5, 9265.04


Gerações (Melhor Solução):
1923.13, 1952.53, 2001.25, 1850.98, 1726.51, 1904.38, 2022.5, 2249.59, 2018.31, 1925.12, 1969.08, 1908.62, 1747.12, 1703.12, 1628.42, 1392.89, 1509.12, 1557.23, 1864.68, 1912, 2635.53, 2717.06, 2767.78, 2641.45

EAS (Melhor Solução):
I(1) 12406.9, I(2) 11673, I(3) 10565.4, I(4) 9280.13, I(5) 8002.6, I(6) 6722.86, I(7) 5609.04, I(8) 5023.94, I(9) 5321.98, I(10) 6319.85, I(11) 7418.19, I(12) 8083.96, I(13) 8048.11, I(14) 7502.42, I(15) 6690.77, I(16) 5855.82, I(17) 4949.25, I(18) 3966.92, I(19) 3100.02, I(20) 2666.31, I(21) 2586.54, I(22) 2496.13, I(23) 2272.73, I(24) 1601.75

Tempo de execução (MGHP): 26620 ms
---------------------- 8
Melhor sulução encontrada em: 995

Pior Custo (BCO): 324164043.43
Pior rota (BCO):
17190, 12048.1, 9120.88, 5083.03, 8219.55, 11571.5, 14580.8, 8885.75, 14827.1, 6683.54, 14254.7, 10439.3, 5379.17, 13101.4, 10728.6, 11861.9, 6721.66, 11767.1, 5906.32, 5554.71, 16944.9, 6321.18, 16930.5, 8398.99, 5379.49
17027, 8330.18, 15379.9, 6947.54, 6749.55, 8717.56, 10332.3, 6517.76, 16057.2, 14760.3, 6929.58, 7134.74, 9171.85, 16788.3, 11328.9, 6821.55, 6338.05, 8409.33, 12560.9, 7044.42, 16796.6, 6134.15, 14198.9, 6384.26, 13194.2

Melhor Custo (BCO): 29401831.986
Melhor rota (BCO):
17190, 16297.5, 15219.9, 13877.3, 12201, 10713, 9263.63, 8031, 8485.53, 9727.37, 10791.6, 12364.2, 13321.6, 13052.1, 12744.1, 11746, 10588, 9385.5, 8041.31, 7254.14, 6561.42, 6766.58, 7042.16, 6820.56, 5582.19
17027, 17027, 16665.3, 16453.3, 16530.7, 16124.1, 15293.6, 14930.6, 15060.7, 15513.6, 16081.2, 16522.8, 16754, 16729.6, 16254.8, 16303.8, 16139.9, 14913.5, 14424.8, 13112.9, 14064.8, 14081.3, 14058.4, 13020.1, 10345.8


Gerações (Melhor Solução):
2103.34, 1988.96, 1892.48, 1843.53, 1738.58, 1905.44, 2053.46, 1712.85, 1903.41, 2111.99, 1733.96, 1453.84, 1618.55, 1438.9, 1540.64, 1519.62, 1730.67, 1698.5, 1967.01, 2128.82, 2557.09, 2623.79, 2980.05, 2794.65

EAS (Melhor Solução):
I(1) 12304.1, I(2) 11434.9, I(3) 10354.7, I(4) 9141.77, I(5) 7874.77, I(6) 6575.19, I(7) 5420.15, I(8) 5112.56, I(9) 5800.65, I(10) 6802.59, I(11) 7956.47, I(12) 9042.91, I(13) 9347.65, I(14) 9032.49, I(15) 8453.56, I(16) 7620.42, I(17) 6510.45, I(18) 5315.42, I(19) 4291.82, I(20) 3748.33, I(21) 3748.13, I(22) 3902.06, I(23) 3747.55, I(24) 2706.32

Tempo de execução (MGHP): 26810 ms
---------------------- 9
Melhor sulução encontrada em: 991

Pior Custo (BCO): 303051230.31
Pior rota (BCO):
17190, 16620.1, 7231.78, 16394.9, 7001.08, 14305.8, 10998.8, 7300.39, 11667.3, 14111.2, 14588.1, 5543.54, 16273.5, 7585.71, 7623.54, 16958.6, 6466.82, 9003.26, 14682.9, 5877.67, 16704.5, 13344.5, 7079.44, 16426.2, 13951.7
17027, 10109.3, 5363.18, 6452.26, 11661.9, 11200.8, 7034.69, 10192.4, 10633.9, 9583.76, 9401.53, 12953.5, 6715.02, 15697.5, 15570.9, 13675.8, 12635.2, 12982.9, 14545.7, 11723.6, 15884, 5030.42, 11493.4, 5218.18, 9341.48

Melhor Custo (BCO): 29425091.552
Melhor rota (BCO):
17190, 16923.9, 15802, 14326.1, 12670.2, 10815.5, 9315.73, 8352.67, 7674.89, 8149.78, 8874.23, 10748.3, 10853.2, 10978.6, 10332.7, 9729.66, 8604.32, 7569.97, 5695.92, 5033.98, 5204.55, 5354.51, 5170.08, 5514.78, 4669
17027, 17027, 16975.3, 16845.2, 16430.3, 16235.1, 15497.6, 14908.5, 14429.4, 14824.1, 15248.7, 15716, 16019.2, 15889.1, 15992.5, 15661.7, 15232.6, 14156.9, 14029, 13423.2, 12783.9, 13265.2, 13819.1, 12760.4, 10159.8


Gerações (Melhor Solução):
1656.21, 1946.97, 1977.93, 1976.01, 1932.35, 1917.83, 1950.59, 2555.73, 2355.04, 2312.86, 1498.29, 1970.19, 1341.53, 1471.93, 1340.84, 1522.23, 1531.69, 1853.02, 1647.82, 1957.89, 2382.14, 2589.47, 2665.47, 2717.7

EAS (Melhor Solução):
I(1) 12559.4, I(2) 11984.1, I(3) 10897.8, I(4) 9552.97, I(5) 8091.74, I(6) 6686.16, I(7) 5581.15, I(8) 4835.99, I(9) 4753.24, I(10) 5300.81, I(11) 6368.82, I(12) 7223.44, I(13) 7339.06, I(14) 7142.58, I(15) 6647.5, I(16) 5898.37, I(17) 4894.44, I(18) 3734.7, I(19) 2830.7, I(20) 2490.79, I(21) 2560.64, I(22) 2711.68, I(23) 2680.36, I(24) 1978.42

Tempo de execução (MGHP): 26820 ms
---------------------- 10
Melhor sulução encontrada em: 985

Pior Custo (BCO): 333163110.28
Pior rota (BCO):
17190, 8876.58, 12144.2, 14856.5, 5311.59, 15246.9, 9514.71, 17133.2, 5866.77, 14589, 5242.79, 9668.2, 6558.13, 6676.83, 12364.2, 7666.79, 16373.6, 13683.8, 11957.8, 11631.9, 7429.35, 13867.7, 14792.3, 9498.98, 11668.4
17027, 11930.7, 9174.95, 14636.9, 8128.55, 14795.8, 5156.05, 15805.6, 6526.85, 12591.3, 13484.6, 7166.01, 10658.6, 5850.38, 7109.51, 11850, 15717.3, 7680.23, 16822.4, 5142.31, 9677.32, 12022.5, 8124.06, 8865.3, 8535.03

Melhor Custo (BCO): 29657532.825
Melhor rota (BCO):
17190, 16471, 15341.8, 13952.3, 12547.5, 10869.9, 8911.05, 8279.19, 7841.45, 9129.77, 10355.7, 11427.2, 11320, 10508.7, 9850.92, 9076.18, 7733.19, 6979.01, 5794.92, 5825.42, 5680.22, 5498.74, 5748.64, 5604.7, 5231.4
17027, 17021, 16932.1, 16810.6, 16517.2, 16102.5, 15624.4, 15020.1, 14531.1, 14470.8, 15009, 14866.7, 15369.8, 15975.4, 15414.5, 14524.5, 14726.2, 14177.4, 13088.5, 11372.1, 12460.2, 13089.1, 14466, 14177.6, 11263.3


Gerações (Melhor Solução):
1981.7, 1955.29, 1906.9, 1765.7, 1872.62, 2140.2, 1743, 2416.33, 1977.29, 1979.3, 2176.19, 2049.43, 1759.31, 1647.9, 1580.3, 1462.15, 1200.09, 1676.73, 1506.47, 1693.66, 2484.79, 2229.27, 2793.44, 2721.31

EAS (Melhor Solução):
I(1) 12373.7, I(2) 11603.6, I(3) 10548.9, I(4) 9368.43, I(5) 8057.77, I(6) 6558.67, I(7) 5455.66, I(8) 4903.36, I(9) 5101.5, I(10) 6062.84, I(11) 6962.56, I(12) 7382.15, I(13) 7238.21, I(14) 6708.83, I(15) 5943.46, I(16) 5087.85, I(17) 4323.25, I(18) 3429.94, I(19) 2634.07, I(20) 2503.91, I(21) 2668.17, I(22) 3002.96, I(23) 3209.11, I(24) 2548.96

Tempo de execução (MGHP): 26510 ms

########################################################################################## 50 por 5000

---------------------- 1
Melhor sulução encontrada em: 1324

Pior Custo (BCO): 377270490.43
Pior rota (BCO):
17190, 6207, 6974.73, 4802.68, 16170.2, 13334.8, 14942.7, 6020.81, 10752.4, 7496.41, 5166.63, 11773, 13529.3, 9223, 13213.3, 7464.12, 13836.5, 4819.71, 15173.5, 14740.8, 10949.7, 10701.1, 12305.5, 7609.64, 10850.2
17027, 16017.2, 15346.6, 5576.86, 16667.9, 15071.7, 16665.2, 13821.6, 16601.5, 6504.59, 13954.6, 15587.1, 15124, 11719.4, 16931.7, 8720.86, 14531.6, 4972.64, 15786.9, 10890.5, 9502.27, 11831.5, 13670.7, 6166.77, 11981.4

Melhor Custo (BCO): 28370947.43
Melhor rota (BCO):
17190, 16902.9, 15468.6, 14095.2, 13042.5, 10828.7, 10059.7, 8807.09, 9267.56, 10023.5, 11934.3, 13036, 12697.2, 12260.4, 11105.5, 10374.5, 8658.93, 7792.96, 6091.49, 5158.87, 5591.53, 5841.11, 6134.38, 6130.4, 4788.27
17027, 17027, 16907.3, 16903.4, 16202.2, 16419.5, 15291.1, 15676.6, 15952.1, 16826.6, 16017.8, 16201.9, 16338.9, 16264.1, 16340.9, 15409.1, 15672.3, 14111.1, 14033.5, 13248.7, 11809.9, 12271.4, 12368.7, 12719.2, 10373.3


Gerações (Melhor Solução):
1671.32, 2184.74, 1866.16, 1638.29, 2061.78, 1552.44, 1895.38, 1700.26, 2139.09, 1942.74, 2123.41, 2356.07, 1730.09, 1841.87, 1599.06, 1723.64, 1561.35, 1747.92, 1855.57, 1998.35, 2314.37, 2485.72, 2517.54, 2739.8

EAS (Melhor Solução):
I(1) 12550.8, I(2) 11827, I(3) 10669.4, I(4) 9577.27, I(5) 8229.67, I(6) 6957.58, I(7) 6099.61, I(8) 5933.76, I(9) 6566.31, I(10) 7551.83, I(11) 8575.9, I(12) 8927.53, I(13) 8640.36, I(14) 8035.73, I(15) 7181.36, I(16) 6178.56, I(17) 5055.33, I(18) 3927.4, I(19) 2960.65, I(20) 2464.91, I(21) 2519.66, I(22) 2769.68, I(23) 2927.74, I(24) 2218.02

Tempo de execução (MGHP): 67720 ms
---------------------- 2
Melhor sulução encontrada em: 1266

Pior Custo (BCO): 358770496.05
Pior rota (BCO):
17190, 7734.55, 11101.9, 14511.3, 5340.1, 14965.1, 4729.12, 5500.41, 16296, 12656.3, 15179.3, 4712.08, 17050.4, 11763.3, 9401.65, 5187.77, 15531.9, 6200.66, 13876, 13005.6, 14304.4, 10110.2, 7819.15, 5928.65, 7916.28
17027, 8088.08, 7832.2, 7178.8, 5015.86, 12590.2, 9680.82, 8276.22, 15639.4, 16079.3, 5611.9, 16306.9, 13866.3, 5671.7, 4679.85, 12977.1, 13616.2, 15133.9, 13019.9, 13477.3, 9736.22, 5273.26, 13993.3, 8087.03, 6796.72

Melhor Custo (BCO): 28412336.737
Melhor rota (BCO):
17190, 16924.9, 16154.9, 14717.3, 13204.2, 11640.4, 10142.9, 8969.7, 9111.6, 11572, 13322.1, 14699.8, 14708.6, 14053.8, 13159, 11726.1, 10126.3, 8802.97, 7354.06, 6352.16, 6241.88, 6293.57, 6584.84, 6533.62, 5307.55
17027, 17027, 16982.3, 16882.1, 16684.4, 16362.2, 15762.3, 15530, 15456.2, 15813.4, 16544.6, 16878.9, 16895.5, 16846.1, 16464.5, 16306.5, 16045.7, 14617.5, 14121.2, 12933.9, 12832, 12802.5, 13047, 13088, 10518.5


Gerações (Melhor Solução):
1655.52, 1695.17, 1949.59, 1828.92, 1788.65, 1901.07, 2016.07, 1989.25, 1150.43, 1643.2, 1923.99, 2194.33, 1911.4, 1829.94, 1897.2, 1834.12, 1848.36, 1744.27, 2035.86, 2013.82, 2596.58, 2490.14, 2657, 2787.42

EAS (Melhor Solução):
I(1) 12559.8, I(2) 12129.5, I(3) 11206, I(4) 9970.51, I(5) 8677.22, I(6) 7359.43, I(7) 6243.35, I(8) 5825.25, I(9) 6805.38, I(10) 8571.72, I(11) 9983.91, I(12) 10600.5, I(13) 10336.5, I(14) 9644.31, I(15) 8642.95, I(16) 7425.4, I(17) 6069.12, I(18) 4779.62, I(19) 3693.34, I(20) 3135.74, I(21) 3096.86, I(22) 3238.01, I(23) 3358.84, I(24) 2571.16

Tempo de execução (MGHP): 67640 ms
---------------------- 3
Melhor sulução encontrada em: 1323

Pior Custo (BCO): 356575721.91
Pior rota (BCO):
17190, 5174.79, 17100.8, 14162, 11397.9, 10554.5, 15878.5, 11591.1, 16057.2, 9482.51, 5290.89, 7855.9, 14194.5, 15143.8, 5464.42, 14515.3, 4970.85, 15869.9, 9411.43, 16370.6, 14805.3, 8113.1, 15453.5, 15833.7, 7891.64
17027, 13848.7, 13381.3, 6028.07, 4674.86, 12154.7, 12572.6, 16721, 12657.8, 12483.9, 13709.2, 6896.65, 5883.92, 12404.8, 13781.7, 4757.17, 4738.52, 14400.2, 7927.02, 14213, 12365, 8718.18, 11552.7, 12665.3, 7405.17

Melhor Custo (BCO): 29254392.549
Melhor rota (BCO):
17190, 16702.8, 15648.1, 14143.1, 12599.9, 11000.9, 9489.36, 7868.73, 7773.05, 8393.24, 9750.16, 10635, 11162.1, 11041.6, 10319.6, 9689.79, 8486.72, 6786.19, 5622.06, 4710.37, 5219.86, 6006.63, 6398.58, 5225.53, 4817.45
17027, 16977.4, 16704.8, 16713.9, 16508.3, 16176.7, 14780.1, 15200.3, 14255.3, 15056.9, 15532.8, 16171.6, 16166.9, 16007.8, 15848.5, 15644, 15200.8, 14784, 14205.3, 13220.3, 12558.9, 12466, 13052.9, 13195.5, 9860.01


Gerações (Melhor Solução):
1828.04, 1954.35, 1954.01, 1838.31, 1799.66, 2097.78, 2081.72, 2316.73, 2166.23, 1918.42, 2109.68, 1781.82, 1517.78, 1593.79, 1322.51, 1573.86, 1763.06, 1543.14, 1880.22, 1763.12, 2160.88, 2333.82, 2879.06, 2626.59

EAS (Melhor Solução):
I(1) 12459.9, I(2) 11771.2, I(3) 10687.8, I(4) 9444.06, I(5) 8138.66, I(6) 6680.34, I(7) 5400.62, I(8) 4725.37, I(9) 4878.73, I(10) 5778.87, I(11) 6773.22, I(12) 7402.46, I(13) 7524.09, I(14) 7156.4, I(15) 6600.07, I(16) 5834.39, I(17) 4690.04, I(18) 3592.74, I(19) 2708.4, I(20) 2335.21, I(21) 2601.71, I(22) 3038.29, I(23) 2911.76, I(24) 1957.95

Tempo de execução (MGHP): 68650 ms
---------------------- 4
Melhor sulução encontrada em: 4944

Pior Custo (BCO): 364798706.19
Pior rota (BCO):
17190, 6506.51, 14673, 10615.6, 15954.7, 5000.16, 9538.94, 7130.13, 16785.3, 4829.16, 11664.6, 11924.5, 12794.9, 5746.01, 15590, 6474.11, 14748.6, 10898.8, 16708.4, 8049.56, 15781, 12400.7, 16099.1, 15126.4, 10588.9
17027, 16624.3, 12451.5, 4602.98, 14579.9, 12215.7, 11311.4, 10569.3, 14043.3, 8807.85, 16484.1, 12814.7, 9137.23, 8873.97, 15262.7, 8734.71, 9033.27, 9766.84, 15951.4, 4661.7, 10838.1, 14360, 6457.15, 8409.72, 8102.42

Melhor Custo (BCO): 29160398.092
Melhor rota (BCO):
17190, 17146.3, 16581.3, 15075.8, 13592.3, 11719, 10381.4, 9416.6, 9397.74, 9702.45, 11626.9, 12551.1, 12519.2, 12434, 12501.6, 11430.8, 10332.2, 8775.09, 8030.61, 6784.3, 6241.81, 6412.7, 6279.45, 5675.43, 5061.53
17027, 17022.2, 16993.3, 16945.8, 16852.2, 16881.6, 16244, 15852.6, 15500.9, 17027, 15596.5, 16239.8, 16489.8, 16476.8, 16254.1, 16260.3, 15775.1, 15791.5, 14748, 13722.7, 13074.2, 13422.4, 13056, 12784, 9243.47


Gerações (Melhor Solução):
1497.22, 1546.46, 1990.37, 1787.97, 1912.07, 1817.3, 1940.34, 2176.73, 2250.06, 2092.92, 2111.37, 2114.91, 1476.52, 1105.41, 1596.61, 1560.16, 1619.63, 1472.35, 2176.69, 2424.95, 2452.98, 2863.52, 2860.2, 2661.36

EAS (Melhor Solução):
I(1) 12649.1, I(2) 12394.6, I(3) 11537.8, I(4) 10309.3, I(5) 8981.07, I(6) 7654.79, I(7) 6629.46, I(8) 6147.78, I(9) 6454.07, I(10) 7280.36, I(11) 8204.78, I(12) 8706.48, I(13) 8704.43, I(14) 8655.03, I(15) 8233.58, I(16) 7336.15, I(17) 6289.11, I(18) 5304.88, I(19) 4285.73, I(20) 3434.75, I(21) 3269.86, I(22) 3278.8, I(23) 2949.26, I(24) 2007.67

Tempo de execução (MGHP): 68910 ms
---------------------- 5
Melhor sulução encontrada em: 2089

Pior Custo (BCO): 369616358.71
Pior rota (BCO):
17190, 7565.86, 7455.96, 5761.4, 16707.8, 6413.39, 11951.6, 13163.4, 12144.4, 13422.9, 5578.56, 16390.7, 6376.13, 15866.2, 16205, 13349.4, 14339.4, 5364.2, 16279.2, 15023.1, 4762.2, 15518.4, 6295.86, 11659, 6173.97
17027, 8124.48, 14597, 15009.1, 13117.3, 10373, 16118.5, 9135.37, 13254.3, 6436.52, 10221.9, 12774.7, 8171.57, 5011.57, 8769.64, 15606.9, 13718.6, 9674.33, 14811.9, 15416.6, 8357.57, 13832.2, 11596.6, 5522.19, 14523.6

Melhor Custo (BCO): 28931533.314
Melhor rota (BCO):
17190, 16926.1, 15949.3, 14580.1, 12941.7, 11206.3, 9894.06, 8388.22, 9164.82, 11214.8, 12534.6, 13281.5, 13014.6, 12393.8, 10953.5, 9497.48, 8301.64, 7291.14, 6880.63, 5847.22, 5925.91, 6007.41, 6380.79, 6235.69, 5198.3
17027, 17027, 17007.3, 16894.3, 16588.8, 16244.4, 15703.3, 15371.3, 14459.2, 13812.7, 14787.3, 15546.2, 16008, 15987.2, 15872.1, 15564.6, 14970.8, 14197.9, 13374.4, 12909.1, 12415.9, 12607.9, 12876.7, 12358.8, 9467.5


Gerações (Melhor Solução):
1654.69, 1835.58, 1902.17, 1940.85, 1901.87, 1754.63, 2240.66, 1788.98, 1646.07, 1818.67, 2191.61, 2214.55, 1838.46, 2077.38, 1893.6, 1603.25, 1428.73, 1161.24, 1845.41, 1983.56, 2501.88, 2421.77, 2818.86, 2711.2

EAS (Melhor Solução):
I(1) 12560.3, I(2) 12050.9, I(3) 11074.6, I(4) 9797.46, I(5) 8372.77, I(6) 7076.83, I(7) 5911.22, I(8) 5442.77, I(9) 6175.05, I(10) 7466.66, I(11) 8559.26, I(12) 8965.83, I(13) 8703.36, I(14) 7895.23, I(15) 6750.17, I(16) 5648.92, I(17) 4660.94, I(18) 3927.68, I(19) 3259.17, I(20) 2813.5, I(21) 2815.9, I(22) 3027.66, I(23) 3059.82, I(24) 2183.56

Tempo de execução (MGHP): 67950 ms
---------------------- 6
Melhor sulução encontrada em: 2078

Pior Custo (BCO): 360667929.32
Pior rota (BCO):
17190, 13244.8, 4991.82, 15920.6, 16355.4, 17161.1, 5142.41, 9660.38, 5333.83, 13369.5, 8473.8, 16470.2, 10277.9, 14793.6, 11278.6, 8285.44, 17155.9, 15913.3, 10232.4, 9059.05, 5214.35, 6758.78, 16877.4, 6025.91, 16337.8
17027, 13067.2, 10307.4, 13053.1, 15221.4, 16694.2, 6576.51, 8576.88, 12770, 6897.6, 7314.28, 11939.9, 6868.89, 7785.15, 16904.5, 7530.16, 16439.1, 8234.98, 6814.2, 9563.97, 5851.44, 13388.4, 13161.1, 5817.56, 12118.5

Melhor Custo (BCO): 28938779.615
Melhor rota (BCO):
17190, 17005.6, 16494.4, 15033.4, 14001.8, 12059.8, 10487.4, 8845.57, 8791.42, 9612.27, 10211.9, 11621.7, 12136.4, 11524, 10837.8, 10109.4, 8704.76, 7256.46, 6152.16, 6336, 6059.47, 5979.65, 6002.19, 5862.37, 5190.1
17027, 17027, 16979, 16817.8, 15670, 16481.8, 15660.8, 15350.3, 14913.8, 15129.3, 15633.3, 16066.1, 16262.3, 16177.4, 16035.5, 15712.4, 15395.5, 14354.6, 13518.7, 10986.4, 11139.1, 12624.6, 12595.3, 12247.9, 9235.11


Gerações (Melhor Solução):
1597.42, 1511.72, 1987.92, 1753.95, 1741.96, 2018.76, 2336.21, 2194.45, 2226.44, 2410.31, 1828.91, 1747.4, 1839.78, 1576.13, 1428.37, 1678.03, 1780.71, 1578.61, 1626.85, 1988.67, 2248.63, 2681.08, 2746.73, 2674.98

EAS (Melhor Solução):
I(1) 12592.7, I(2) 12300.1, I(3) 11458.7, I(4) 10213.1, I(5) 8983.78, I(6) 7646.25, I(7) 6273.21, I(8) 5545.91, I(9) 5776.54, I(10) 6406.05, I(11) 7302.73, I(12) 8134.18, I(13) 8117.21, I(14) 7589.68, I(15) 6985.58, I(16) 6105.17, I(17) 4882.73, I(18) 3729.75, I(19) 2906.76, I(20) 2517.81, I(21) 2655.23, I(22) 2861.08, I(23) 2767.02, I(24) 2020.68

Tempo de execução (MGHP): 67840 ms
---------------------- 7
Melhor sulução encontrada em: 4982

Pior Custo (BCO): 424656365.17
Pior rota (BCO):
17190, 6129.75, 14032.2, 13828.3, 6596.77, 16559.2, 5201.51, 7074.87, 6247.93, 16533.5, 5687.32, 16460.9, 11424.5, 15695.1, 7428.34, 13134.2, 6236.74, 15593.8, 12888, 4856.86, 8054.65, 4792.23, 12997.1, 12181.4, 5812.47
17027, 4727.61, 16744.7, 11821.2, 4868.99, 16791.7, 4656, 15814, 5790.61, 13969.1, 12470.3, 7708.06, 13341.6, 13000, 10101.1, 14912.1, 12347, 11113.9, 14186.9, 6612.38, 9627, 16931.5, 15032.3, 11186.4, 15343.9

Melhor Custo (BCO): 28615532.596
Melhor rota (BCO):
17190, 17169.1, 16697.8, 15727.3, 14157.9, 12290.5, 10632.2, 9561.81, 9887.08, 11360.4, 13288.8, 14101.5, 14528, 14021.7, 13517.1, 12021.8, 10970.3, 9236.37, 8096.99, 7154.57, 6708.59, 6397.37, 6248.2, 5913.75, 5082.59
17027, 16984, 17027, 16944.4, 16851.8, 16584.9, 16082.4, 15866.1, 15752.4, 15689.8, 15415.1, 16510.1, 16867.2, 16830.4, 16183.9, 16194.9, 15821.9, 15439.1, 15017.8, 14454.2, 13625.4, 12878.1, 12944.9, 12097.2, 9025.01


Gerações (Melhor Solução):
1491, 1459.3, 1624.32, 1858.76, 2000.03, 1998.53, 1964.7, 1901.86, 1917.71, 1772.79, 2089.82, 1801.84, 1802.45, 1631.9, 1897.02, 1508.16, 1853.13, 1559.71, 1890.53, 2449.78, 2932.56, 2746.23, 2862.06, 2673.73

EAS (Melhor Solução):
I(1) 12651.1, I(2) 12450.6, I(3) 11855.8, I(4) 10795.7, I(5) 9368.21, I(6) 7880.28, I(7) 6746.74, I(8) 6420.38, I(9) 7041.63, I(10) 8252.24, I(11) 9459.89, I(12) 10216.3, I(13) 10243.7, I(14) 9718.07, I(15) 8823.12, I(16) 7790.1, I(17) 6630.9, I(18) 5473.28, I(19) 4597.1, I(20) 3909.91, I(21) 3413.34, I(22) 3160.8, I(23) 2888.93, I(24) 1951.96

Tempo de execução (MGHP): 68230 ms
---------------------- 8
Melhor sulução encontrada em: 3574

Pior Custo (BCO): 350294448.05
Pior rota (BCO):
17190, 7976.57, 12753, 9308.53, 5362.5, 10310.4, 6060.15, 4671.26, 16023.2, 15909.2, 7248.13, 17154.6, 6414.1, 6148.31, 16492.8, 6160.22, 6166.94, 5403.91, 12510.5, 14937.7, 8723.86, 8471.65, 6098.84, 12349.7, 15999.7
17027, 6289.35, 9904.4, 12042.2, 13665.2, 12784.2, 8477.17, 13145.2, 16074.1, 16517.9, 5305.93, 16763.9, 9675.16, 6689.64, 16766.1, 8514.63, 5415.68, 6877.43, 8479.44, 7151.44, 8348.83, 7786, 8634.68, 9838.75, 8516.97

Melhor Custo (BCO): 29216365.366
Melhor rota (BCO):
17190, 16984.4, 16250.8, 15124.3, 13790.9, 11768.9, 10405.6, 9262.53, 9505.83, 10827.7, 11798.8, 13052.7, 13283.8, 12729.2, 12167.3, 11224.4, 10324.6, 9146.68, 7902.53, 6901.45, 6654.96, 7331.68, 7214.94, 6747.29, 4679
17027, 17027, 17006.6, 16881.4, 16230.8, 16384, 15670.4, 15399.5, 15364, 15623.4, 15960.7, 16615, 16582.8, 16606.3, 16439, 16331.8, 15905.7, 15427.3, 14691.4, 13838, 13755.5, 14033.4, 13666, 13376.2, 12399.5


Gerações (Melhor Solução):
1612.72, 1663.35, 1740.04, 1833.35, 1974.06, 1846.7, 2011.49, 1918.29, 1921.26, 2248.66, 1899.25, 2026.38, 1796.61, 1523.69, 1538.74, 1411.64, 1510.62, 1703.9, 1984.71, 2129.83, 2216.51, 2939.02, 2918.72, 2852.37

EAS (Melhor Solução):
I(1) 12584, I(2) 12197.4, I(3) 11413.9, I(4) 10281, I(5) 8874.04, I(6) 7491.93, I(7) 6403.5, I(8) 6029.35, I(9) 6628.92, I(10) 7576.36, I(11) 8594.75, I(12) 9281.06, I(13) 9153.74, I(14) 8696.92, I(15) 8075.17, I(16) 7292.96, I(17) 6378.67, I(18) 5317.29, I(19) 4291.81, I(20) 3731.96, I(21) 3902.66, I(22) 4070.89, I(23) 3773.88, I(24) 2777.89

Tempo de execução (MGHP): 68300 ms
---------------------- 9
Melhor sulução encontrada em: 4811

Pior Custo (BCO): 410536153.9
Pior rota (BCO):
17190, 17098.5, 6567.01, 5509.39, 16237.4, 4724.67, 15778.2, 12131, 9887.24, 7208.19, 11930.7, 15905.7, 14025.1, 9144.79, 4723.79, 15715.9, 11600.5, 5348.29, 17144.4, 15500.2, 7437.45, 16879.6, 11289.1, 8938.93, 11665.4
17027, 16466.6, 16375.3, 5905.44, 7525.37, 11933.8, 16772.9, 14951.4, 11842.8, 6206.78, 15787.3, 10895.3, 6262.15, 14383, 5863.36, 11452.5, 16908.6, 13086.2, 10175, 13760.6, 5084.07, 10229.5, 12294.4, 11978.5, 10905.2

Melhor Custo (BCO): 28898337.26
Melhor rota (BCO):
17190, 16784.7, 15529.2, 14040.6, 12223, 10202.2, 8761.14, 7483.21, 7735.43, 8739.68, 10082.8, 11236.6, 11566.4, 12079.5, 11121.4, 10294, 9034.93, 7193.66, 6336.55, 5772.71, 5559.33, 5785.52, 6106.31, 5703.24, 5078.54
17027, 16993.7, 16954.4, 16792.4, 16481.9, 16127.1, 15104.5, 14488.5, 14027.1, 14375.8, 15402.2, 15975.4, 16377.3, 15523.5, 16181.5, 16096.3, 15627.4, 15442, 14032.9, 12934.7, 12394.9, 12269.4, 12369.7, 12077.4, 9276.13


Gerações (Melhor Solução):
1765, 2035.3, 1989.94, 2050.48, 2072.8, 1938.12, 2125.84, 1961.62, 2036.04, 1776.99, 1953.7, 1810.38, 1283.42, 1543.39, 1436.3, 1635.67, 1812.15, 1597.68, 1731.77, 2154.07, 2479.12, 2467.87, 2783.52, 2654.02

EAS (Melhor Solução):
I(1) 12496.4, I(2) 11806.3, I(3) 10660, I(4) 9266.65, I(5) 7683.82, I(6) 6179.64, I(7) 4952.46, I(8) 4427.2, I(9) 4831.57, I(10) 5878.79, I(11) 7056.65, I(12) 7779.27, I(13) 8015.1, I(14) 7812.69, I(15) 7250.91, I(16) 6395.75, I(17) 5196.99, I(18) 4030.72, I(19) 3174.41, I(20) 2680.35, I(21) 2582.04, I(22) 2743.96, I(23) 2689.45, I(24) 1922.77

Tempo de execução (MGHP): 67330 ms
---------------------- 10
Melhor sulução encontrada em: 4086

Pior Custo (BCO): 479297353.65
Pior rota (BCO):
17190, 4939.85, 5019.29, 16155, 8570.79, 5756.72, 15697.3, 14771, 6142.28, 17141.4, 9993.62, 5802.86, 10058.8, 4696.15, 17161.4, 7095.39, 4956.51, 16958.3, 7281.2, 10648.1, 9309.56, 6106.94, 16515.8, 6254.71, 14096.4
17027, 8722.73, 11705.8, 13385.3, 13536.7, 5450.93, 13587.4, 6653.39, 5720.33, 13935.8, 5623.91, 9601.24, 15017.7, 16593.2, 7195.16, 16483.1, 16544.8, 12491.3, 5156.93, 9451.73, 12518.3, 5128.44, 11865.1, 12804.3, 4897.96

Melhor Custo (BCO): 28434742.839
Melhor rota (BCO):
17190, 16991.7, 16000.8, 14492.8, 13387.1, 11660.2, 10003, 9245.89, 9284.92, 10776.7, 11320.7, 12970.7, 13708.6, 12895.5, 11878.8, 10888.6, 9815.79, 8444.34, 7533.14, 6497.16, 6135.54, 6158.35, 6241.42, 6016.21, 4669
17027, 16988, 16992, 16860, 16535.6, 16329.8, 15792.6, 15366.8, 15041.1, 14506.2, 16788.1, 16269.7, 15822.3, 16117.7, 16298.5, 16065.5, 15663.1, 15339, 14220.3, 13078.9, 12251.4, 12717, 12902.6, 12045.7, 9334.03


Gerações (Melhor Solução):
1617.91, 1839.53, 2004.56, 1579.01, 1868.13, 1987.92, 1800.69, 2118.07, 1996.37, 2007.79, 1947.06, 1779.69, 1893.73, 1732.29, 1596.84, 1509.14, 1578.82, 1580.55, 2052.62, 2332.84, 2474.57, 2610.77, 2864.95, 2664.36

EAS (Melhor Solução):
I(1) 12579.6, I(2) 12088.4, I(3) 11050.9, I(4) 9922.65, I(5) 8722.21, I(6) 7314.7, I(7) 6268.91, I(8) 5884.01, I(9) 6280.52, I(10) 7328.46, I(11) 8467.77, I(12) 9212.7, I(13) 9155.7, I(14) 8536.41, I(15) 7767.94, I(16) 6893.58, I(17) 5890.92, I(18) 4856.17, I(19) 3837.43, I(20) 3079.67, I(21) 2918.23, I(22) 3052.34, I(23) 2903.92, I(24) 1898.49

Tempo de execução (MGHP): 67830 ms

########################################################################################## 100 por 5000

---------------------- 1
Melhor sulução encontrada em: 4056

Pior Custo (BCO): 376668942.53
Pior rota (BCO):
17190, 6231.39, 13361.9, 16951.7, 14887.1, 11695.2, 4685.12, 17027.8, 14699.3, 11024.4, 14169.4, 7992.73, 7515.33, 7381.23, 14256.5, 7087.89, 13988.6, 4824.49, 16224.3, 9983.9, 12001.7, 7185.41, 14325.3, 11796.7, 12391.5
17027, 5303.57, 13011.2, 5964.84, 16232.2, 13783.2, 4871.31, 14610.5, 15337.2, 13517.7, 14373.5, 13046.7, 8052.32, 14389.5, 12885.4, 5574.92, 8256.91, 9880.95, 8880.86, 11088, 12578.7, 5963.03, 13494, 9394.41, 6117.69

Melhor Custo (BCO): 27951421.067
Melhor rota (BCO):
17190, 17101.2, 16568.3, 15587.1, 14341.4, 12606.6, 11097.4, 10007.2, 9836.07, 11023.6, 12137.7, 13770.3, 13780.4, 13099.3, 12088.9, 10957.2, 9760.27, 8646.37, 7078.9, 6164.82, 5788.69, 5593.8, 5669.9, 5522.04, 4669
17027, 16962, 17020.6, 17027, 16813.9, 16532.3, 16112.5, 15595.3, 15408.7, 15163.5, 15881.2, 16026.4, 16247.3, 16635, 16240.6, 16139.5, 15698.7, 14364.3, 13716.8, 12026.9, 12111.8, 12172.5, 12069.2, 11947, 10177.4


Gerações (Melhor Solução):
1545.96, 1498.48, 1606.19, 1664.59, 1917.72, 1884.76, 2065.96, 2237.05, 2137.92, 2050.5, 1773.1, 2108.4, 1788.47, 1892.03, 1658.09, 1602.03, 1678.48, 1844.28, 2085.07, 2084.96, 2608.68, 2633.54, 2654.84, 2684.72

EAS (Melhor Solução):
I(1) 12619.3, I(2) 12364.7, I(3) 11760.5, I(4) 10821.4, I(5) 9546.96, I(6) 8170.48, I(7) 7036.09, I(8) 6454.93, I(9) 6747.21, I(10) 7680.05, I(11) 8879.99, I(12) 9586.77, I(13) 9435.4, I(14) 8778.2, I(15) 7875.2, I(16) 6917.63, I(17) 5781, I(18) 4524.78, I(19) 3336.7, I(20) 2686.2, I(21) 2535.42, I(22) 2493.31, I(23) 2437.69, I(24) 1863.98

Tempo de execução (MGHP): 132230 ms
---------------------- 2
Melhor sulução encontrada em: 2626

Pior Custo (BCO): 380949748.82
Pior rota (BCO):
17190, 10965.5, 17017.8, 14457, 5615.74, 15803.6, 8498.5, 16915.1, 14371, 11199.6, 14188.8, 5408.72, 16213.3, 5309.78, 17135.4, 13697.7, 16249.9, 6517.97, 12168.7, 15936.7, 9062.54, 16935.4, 9182.82, 6987.47, 10319.7
17027, 13471.4, 12625.4, 13833.2, 4580.78, 10278.4, 7875.13, 16855.2, 16541.2, 7703.87, 14136.8, 5028.89, 6324.88, 5491.81, 4755.47, 15975, 11987.4, 14224.3, 16710.8, 11015.9, 14861.7, 16656.5, 7542.34, 13926.6, 6041.55

Melhor Custo (BCO): 27518543.214
Melhor rota (BCO):
17190, 16611.3, 15704, 14502, 12831.5, 11092.1, 9690.87, 8652.98, 8794.18, 9323.24, 10756, 12199.8, 12772.4, 11948.5, 10924.7, 9773.13, 8496.71, 7021.2, 5814.89, 4669, 4669, 5455.93, 5450.39, 5376.37, 4669
17027, 17011.6, 16876, 16798, 16516.3, 16205.6, 15663.1, 15242.7, 15261.3, 17027, 16836.8, 16399.4, 16222.8, 16329.4, 16187.5, 15588.1, 15044.9, 14319.2, 12986.1, 12321.2, 11460.8, 10972.2, 11860.3, 11801.5, 9781.86


Gerações (Melhor Solução):
1884.29, 1813.03, 1770.28, 1953.31, 1891.99, 1809.42, 1966.55, 1953.38, 2028.61, 2099.63, 2061.74, 1818.05, 1940.65, 1808.24, 1779.37, 1646.91, 1704.55, 1754.12, 1906.46, 2052.22, 2190.44, 2399.54, 2596.81, 2679.44

EAS (Melhor Solução):
I(1) 12429.1, I(2) 11795.4, I(3) 10901.9, I(4) 9692.42, I(5) 8267.56, I(6) 6946.9, I(7) 5903.85, I(8) 5520.86, I(9) 6062.97, I(10) 7041.51, I(11) 7994.38, I(12) 8649.41, I(13) 8540.56, I(14) 7834.86, I(15) 6899.46, I(16) 5830.77, I(17) 4668.39, I(18) 3455.88, I(19) 2424.34, I(20) 1865.55, I(21) 1890.03, I(22) 2175.76, I(23) 2275.95, I(24) 1744.05

Tempo de execução (MGHP): 131710 ms
---------------------- 3
Melhor sulução encontrada em: 3948

Pior Custo (BCO): 374517299.21
Pior rota (BCO):
17190, 10137.4, 5984.27, 7071.82, 16015.1, 5225.23, 16824.8, 10504.1, 5658.99, 6016.26, 7894.74, 6652.56, 16219.9, 6818.13, 6346.17, 14538, 8281.13, 8095.42, 16860.8, 13541.4, 16095.3, 17099.2, 15152.9, 16846.4, 5593.23
17027, 7082.12, 17013.6, 6502.58, 13324.6, 13004.3, 14160.2, 16867.8, 5989.37, 15468.5, 6803.75, 4820.75, 16021.7, 6440.5, 10624.6, 17006.4, 7780.55, 13833.1, 6525.37, 6815.65, 15970.8, 8193.56, 16631.8, 7109.56, 11601.6

Melhor Custo (BCO): 28011240.461
Melhor rota (BCO):
17190, 16931.1, 16076.2, 14990.3, 13199.8, 11655, 10191.9, 8975.28, 9489.84, 10667.6, 11681.6, 12705.7, 13092.7, 12725.6, 11782.6, 10835.2, 9579.53, 7993.07, 6322.63, 5178.11, 5431.54, 6153.85, 6234.89, 5475.31, 4902.84
17027, 16990.4, 16994.2, 16904.5, 16666, 16341.7, 15928, 15518.8, 15221.9, 15116.7, 15992, 17010.9, 16612.9, 16533.7, 16313.4, 16175.6, 15658.5, 15388.6, 14743.3, 13933.3, 13013.4, 12781.1, 12117.4, 12417.6, 10047.7


Gerações (Melhor Solução):
1660.89, 1742.17, 1699.26, 2035.15, 1776.15, 1829.86, 2093.36, 1811.21, 2099.92, 2070.62, 1959.33, 2019.52, 1694.36, 1792.76, 1541.83, 1658.3, 1693.36, 1905.25, 2005.84, 1998.56, 2250.69, 2802.83, 2721.82, 2677.54

EAS (Melhor Solução):
I(1) 12555.4, I(2) 12095.3, I(3) 11291, I(4) 10077.6, I(5) 8674.13, I(6) 7408.7, I(7) 6289.67, I(8) 5918.14, I(9) 6452.2, I(10) 7388.85, I(11) 8494.46, I(12) 9149.53, I(13) 9070.54, I(14) 8512.51, I(15) 7734.3, I(16) 6806.72, I(17) 5657.58, I(18) 4396.31, I(19) 3259.63, I(20) 2715.38, I(21) 2829.14, I(22) 2936.75, I(23) 2672.7, I(24) 1967.61

Tempo de execução (MGHP): 132340 ms
---------------------- 4
Melhor sulução encontrada em: 4058

Pior Custo (BCO): 375345958.18
Pior rota (BCO):
17190, 9901.46, 5006.15, 17118.9, 15653.7, 9043.4, 16850.8, 5283.81, 12118.9, 10310.6, 17067.9, 16995.6, 5821.82, 9916.12, 12244.4, 4770.39, 5261.02, 16888.8, 5653.93, 17125.2, 7903.34, 12578.1, 14288.4, 8364.84, 10280.9
17027, 6497.62, 7838.16, 15267.6, 13503.6, 12876.5, 9526.06, 14214.2, 5626.97, 9861.41, 14143.4, 16552.8, 14212.4, 13806, 4710.37, 9168.44, 6963.39, 4588.88, 8975.12, 8110.04, 9807.93, 16510, 8210.88, 10396.8, 16210.4

Melhor Custo (BCO): 27716777.185
Melhor rota (BCO):
17190, 16897.1, 15809.8, 14615.1, 13033, 11442.9, 10009.2, 8775.72, 8651.08, 10516.3, 12029.3, 13036.4, 13436.3, 12965.6, 12347.2, 11165, 9574.4, 8529.89, 7186.01, 6077.67, 5584.68, 5684.19, 5762.96, 5631.07, 4687.2
17027, 16900.8, 16990.8, 16856.5, 16613.6, 16262.8, 15759.3, 16349.4, 17027, 15549.1, 15558.3, 16403, 16552.6, 16565.6, 16473, 16214.8, 16761.1, 15209.6, 13868.8, 12649.3, 11942.2, 12477, 12531.3, 12214, 10348.5


Gerações (Melhor Solução):
1709.2, 1882.31, 1783.58, 1885.86, 1809.33, 1828.59, 1836.6, 1976.13, 2042.51, 1969.52, 2009.46, 1860.06, 1744.17, 1544.66, 1741.48, 1598.34, 1707.28, 1898.63, 2092.31, 2346.91, 2383.35, 2613.63, 2720.24, 2720.2

EAS (Melhor Solução):
I(1) 12524.5, I(2) 11955.5, I(3) 11022.3, I(4) 9844.84, I(5) 8505.5, I(6) 7219.17, I(7) 6268.48, I(8) 6008.33, I(9) 6486.54, I(10) 7461.56, I(11) 8565.71, I(12) 9289.94, I(13) 9292.02, I(14) 8855.7, I(15) 8105.74, I(16) 7126.09, I(17) 6003.34, I(18) 4687.29, I(19) 3465.75, I(20) 2666.82, I(21) 2521.83, I(22) 2665.62, I(23) 2609.25, I(24) 1964.58

Tempo de execução (MGHP): 132970 ms
---------------------- 5
Melhor sulução encontrada em: 1343

Pior Custo (BCO): 415806345.41
Pior rota (BCO):
17190, 12166.2, 15601.2, 5950.02, 7300.64, 5234.88, 17022, 4925.33, 17039.6, 15170, 7883.7, 16809.6, 9336.44, 17007.5, 10774.4, 15719.6, 9181.22, 15241.7, 4958.62, 15543.3, 6797.41, 12838.1, 14589.1, 6545.16, 7750.58
17027, 12638, 6760.79, 6765.87, 15785.9, 7575.78, 11694.9, 11266.6, 15032.9, 10114.6, 12540.8, 5196.41, 10677.5, 12373.7, 5451.37, 10527.8, 10364.5, 8648.87, 10149.5, 15006.9, 8467.35, 16222.2, 13544.4, 12955.4, 14284.3

Melhor Custo (BCO): 27768781.658
Melhor rota (BCO):
17190, 16738.5, 15771.8, 14254.1, 12565.2, 10718.3, 9298.45, 8445.79, 8668.02, 9948.06, 11052.9, 12514.6, 13184.5, 12938.1, 12014.3, 10817.7, 9605.39, 8300.77, 7075.9, 5902.49, 5474.59, 5387.45, 5506.39, 5526.37, 4881
17027, 17027, 16914.2, 16842.1, 16525.2, 16105.7, 15544.1, 15005.7, 14886.2, 15401.4, 17027, 16637.3, 16389.4, 16415.3, 16311.7, 16067.9, 15604.5, 14980.5, 13702.8, 12535.3, 11603.5, 12293.1, 12007, 11299, 9172.06


Gerações (Melhor Solução):
1789.28, 1850.86, 1989.93, 1970.78, 1985.61, 1816.52, 1869.84, 1928.13, 1861.71, 1817.2, 2045.09, 1778.73, 1582.05, 1750.75, 1738.41, 1614.19, 1609.81, 1800.42, 2108.47, 2351.22, 2407.04, 2646.97, 2696.19, 2631

EAS (Melhor Solução):
I(1) 12483.8, I(2) 11884.8, I(3) 10844.8, I(4) 9500.47, I(5) 8009.35, I(6) 6630.27, I(7) 5632.23, I(8) 5301.07, I(9) 5893.41, I(10) 7125.27, I(11) 8301.82, I(12) 9002.65, I(13) 9126.28, I(14) 8660.74, I(15) 7794.87, I(16) 6781.37, I(17) 5694.87, I(18) 4507.73, I(19) 3330.87, I(20) 2511.69, I(21) 2321.64, I(22) 2391.97, I(23) 2283.56, I(24) 1688.28

Tempo de execução (MGHP): 131390 ms
---------------------- 6
Melhor sulução encontrada em: 4042

Pior Custo (BCO): 357173592.83
Pior rota (BCO):
17190, 6642.43, 15413.4, 11370.9, 15968.3, 15482.2, 12978.8, 17127.5, 5624.09, 11459.6, 12095.6, 15315.6, 14543.9, 5765.91, 15444, 9178.27, 13044.4, 8910.5, 17116, 4787.53, 16707.9, 14875.2, 10973.1, 5330.02, 6252.92
17027, 8660.01, 12533.1, 6509.55, 14211.7, 16418.2, 6111.47, 14831.2, 5927.05, 16798.4, 9043.27, 4711.85, 15099.8, 4854.61, 4649.73, 16049.7, 11608.8, 12036.6, 14185.4, 8976.86, 13127.7, 12448.7, 13462, 9004.29, 16667.5

Melhor Custo (BCO): 27551332.401
Melhor rota (BCO):
17190, 16861, 15833.6, 14465.2, 12896.6, 11429.3, 9846.01, 9043.24, 9075.39, 10353.1, 11728.6, 12656.7, 13137.2, 12704.3, 11977.8, 10709.1, 9130.66, 7482.97, 6177.73, 5519.56, 5407.77, 5605.46, 5669.94, 5642.11, 4669
17027, 16947.9, 16964.5, 16866.5, 16584.3, 15926, 15986.2, 14556.6, 15487.3, 15672.6, 15963.7, 16983.4, 16611.6, 16542.4, 15589.4, 15594.3, 15857.3, 14957.6, 14106.2, 12455.9, 11585.2, 11813, 12014, 11214.3, 9313.82


Gerações (Melhor Solução):
1722.55, 1859.72, 1895.07, 1884.4, 1806.05, 1771.2, 2085.71, 1783.2, 1966.15, 1991.27, 2023.26, 1948.24, 1736.92, 1839.7, 1708.22, 1647.75, 1886.24, 1718.31, 1915.78, 2149.54, 2378.58, 2558.62, 2748.37, 2644.54

EAS (Melhor Solução):
I(1) 12518.8, I(2) 11954.4, I(3) 10968.5, I(4) 9728.54, I(5) 8382.32, I(6) 7134.75, I(7) 6034.1, I(8) 5676.57, I(9) 6333.25, I(10) 7383.29, I(11) 8483.66, I(12) 9142.56, I(13) 9080.87, I(14) 8449.86, I(15) 7527.72, I(16) 6531.77, I(17) 5285.69, I(18) 4005.33, I(19) 2983.38, I(20) 2362.75, I(21) 2291.57, I(22) 2434.03, I(23) 2354.99, I(24) 1668.87

Tempo de execução (MGHP): 132120 ms
---------------------- 7
Melhor sulução encontrada em: 2590

Pior Custo (BCO): 341106335.06
Pior rota (BCO):
17190, 5994.72, 14719.3, 15593.1, 8129.44, 4779.28, 13533.4, 7961.38, 10538, 10560.6, 4980.41, 15840.7, 6710.98, 7508.26, 16741.4, 11562.4, 7991.7, 11483.7, 6459.05, 16691.6, 12004.7, 11344.5, 5104.05, 5455.27, 15132.2
17027, 9289.95, 13939.7, 10441.4, 5954.97, 9984.27, 8250.68, 7703.44, 11302.9, 5793.24, 6115.13, 14744.8, 5902.93, 14932.1, 5565.57, 11740.5, 8338.11, 5875.32, 10398.4, 10369.2, 8699.38, 9952.2, 4771.69, 12004.3, 16730.4

Melhor Custo (BCO): 28043463.438
Melhor rota (BCO):
17190, 16931.7, 16090.4, 15119, 13644, 12079.6, 10169.2, 8918.63, 9065.85, 9707.61, 11411.2, 12259.5, 12386.9, 11769.2, 10934.4, 10143.3, 8713.66, 7294.87, 5715.3, 5330.19, 4823.58, 5771.17, 5770.96, 5333.16, 4669
17027, 16974.9, 16963.3, 16938.6, 16771.3, 16427.2, 16025.8, 15594.9, 15401.2, 17027, 15793.4, 16118.4, 16400, 16339.5, 16235.5, 15847.4, 15501.3, 14346.1, 14051.8, 12127.8, 13114.5, 12139.7, 12684, 12928.9, 10766.9


Gerações (Melhor Solução):
1664.59, 1736.42, 1600.85, 1802.55, 1804.77, 2128.07, 2121.75, 2016.73, 2002.49, 2188.95, 2243.55, 1993.34, 1843.56, 1670.65, 1490.92, 1704.39, 1794.22, 1719.09, 1814.08, 1912.75, 2281.58, 2537.2, 2662.98, 2742.05

EAS (Melhor Solução):
I(1) 12552.7, I(2) 12092.6, I(3) 11349.4, I(4) 10330.9, I(5) 9043.33, I(6) 7590.39, I(7) 6291.62, I(8) 5792.97, I(9) 6319.99, I(10) 7237.75, I(11) 8026.42, I(12) 8505.96, I(13) 8358.96, I(14) 7781.7, I(15) 7092.38, I(16) 6162.1, I(17) 4915.15, I(18) 3687.4, I(19) 2725.83, I(20) 2317.92, I(21) 2448.83, I(22) 2665.99, I(23) 2655.54, I(24) 2041.12

Tempo de execução (MGHP): 132530 ms
---------------------- 8
Melhor sulução encontrada em: 4001

Pior Custo (BCO): 417775759.58
Pior rota (BCO):
17190, 4693.57, 15664.3, 5391.3, 7445.63, 16019.6, 11964.5, 7139.35, 16992.7, 11997.4, 6803.03, 16992.1, 5463.57, 16120.4, 15164.5, 5763.32, 7634.42, 9604.73, 10581.7, 16947.8, 5662.4, 12776.7, 9964.47, 9214.02, 17112.1
17027, 14275.5, 13264.1, 7666.48, 16223.3, 13676.6, 13244.8, 5180.06, 13701.1, 11727.2, 5898.5, 16462.8, 10563, 13154.9, 6465.96, 10366.8, 7990.15, 8588.56, 10170, 8780.46, 7524.7, 8155.28, 9868.93, 10474.3, 13064.6

Melhor Custo (BCO): 27924290.86
Melhor rota (BCO):
17190, 17068.1, 16636.7, 15592.2, 14095, 12510.5, 10916.1, 10026.2, 9931, 10863.1, 12146, 13388, 13899.6, 13309.4, 12307.8, 10928.3, 9375.18, 8126.97, 6566.17, 5734.72, 5585.1, 6237.58, 6222.78, 5906.28, 4669
17027, 16897.8, 17021.5, 16930.3, 16807.3, 16535.4, 16291.3, 15626.8, 16163.6, 15862.4, 15807.2, 16550.7, 16709.9, 16624.4, 16452.1, 16633.4, 16690.9, 15188.5, 14562, 13474.3, 12953.9, 12745.3, 12421.2, 11273.1, 9501.09


Gerações (Melhor Solução):
1586.97, 1406.77, 1678.39, 1814.22, 1808.2, 1892.52, 1975.08, 2006.72, 2339.19, 2149.17, 1884.36, 1787.94, 1861.15, 1831.03, 1753.84, 1705.7, 1817.14, 1835.91, 1901.34, 2130.17, 2286.44, 2782.47, 2810.28, 2657.76

EAS (Melhor Solução):
I(1) 12593.6, I(2) 12367.2, I(3) 11772.4, I(4) 10705.3, I(5) 9412.37, I(6) 8098.34, I(7) 7013.78, I(8) 6633.36, I(9) 6978.64, I(10) 7734.47, I(11) 8817.43, I(12) 9664.52, I(13) 9647.18, I(14) 8980.01, I(15) 8072.86, I(16) 7028.3, I(17) 5776.13, I(18) 4457.54, I(19) 3404.85, I(20) 2847.36, I(21) 2886.74, I(22) 3000.51, I(23) 2672.18, I(24) 1779.68

Tempo de execução (MGHP): 131740 ms
---------------------- 9
Melhor sulução encontrada em: 4027

Pior Custo (BCO): 375777971.08
Pior rota (BCO):
17190, 11916.1, 13235.7, 5003.85, 10804, 15789.7, 5418.93, 8072.93, 15213.9, 4741.41, 17101.6, 6001.56, 6458.55, 16345.8, 7107.31, 16307.8, 6708.3, 10484.7, 15344, 5037.36, 16271.6, 12583.5, 8378.41, 13758.5, 8900.71
17027, 6979.58, 12732.5, 16383.9, 5709.08, 16760.6, 14088.8, 14419.3, 11514.9, 10155.7, 14752.3, 5163.09, 8762.82, 15498.3, 8548.81, 6797.27, 15570.3, 8460.84, 8122.7, 4896.25, 7621.15, 10548, 16472.7, 9649.54, 16332.5

Melhor Custo (BCO): 28249257.574
Melhor rota (BCO):
17190, 17079.8, 15858.2, 14546.1, 13105.5, 11258.2, 9794.12, 8896.12, 8633.36, 9912.94, 10851.2, 12791.8, 13361.8, 12733.1, 12070.3, 10936, 9865.59, 8411.61, 6989.28, 5677.47, 5374.48, 6087.99, 6001.88, 5835.07, 5113.41
17027, 16954.2, 17007.5, 16864.4, 16891.5, 16608.6, 16137.6, 15245.9, 15368.1, 15438.3, 16022.7, 16139.1, 16729.7, 16578.9, 16412.6, 16130.6, 15702.9, 15405, 14534.2, 13311.2, 12654.7, 12453.7, 12860.8, 12092.3, 9497.79


Gerações (Melhor Solução):
1563.46, 1990.59, 1868.94, 1715.28, 1967.92, 1841.45, 2011.9, 2182.3, 1984.89, 2189.47, 1568.78, 1621.29, 1896.48, 1591.23, 1710.13, 1515.99, 1625.58, 1828.06, 2220.34, 2238.71, 2233.78, 2620.99, 2855.08, 2698.44

EAS (Melhor Solução):
I(1) 12609.1, I(2) 12062.8, I(3) 11018.6, I(4) 9898.66, I(5) 8575.13, I(6) 7200.25, I(7) 6108.93, I(8) 5568.31, I(9) 5958.16, I(10) 6868.31, I(11) 8060.78, I(12) 9150.01, I(13) 9207.3, I(14) 8651.5, I(15) 7889.43, I(16) 6947.47, I(17) 5915.2, I(18) 4725.36, I(19) 3489.12, I(20) 2694.56, I(21) 2685.65, I(22) 2908.96, I(23) 2775.52, I(24) 2005.75

Tempo de execução (MGHP): 131540 ms
---------------------- 10
Melhor sulução encontrada em: 4037

Pior Custo (BCO): 356028299.82
Pior rota (BCO):
17190, 13788.2, 4988.9, 17084.4, 7181.82, 10382.8, 8433.92, 11801, 12757.3, 8070.18, 15421.2, 5453.38, 17092.9, 10151, 13808, 10554, 10162.6, 10075.4, 7279.72, 16028.2, 4735.13, 8044.49, 15887.5, 4723.26, 14984.7
17027, 12003.1, 15123, 12934.1, 8514.47, 9549.43, 10369.2, 7313.78, 6165.86, 10687.4, 7208.72, 8665.23, 16370.7, 10953.5, 15759.1, 11961.7, 14336.5, 13999.8, 12741.9, 14239.9, 6998.44, 9378, 7639.41, 12462.6, 14755.5

Melhor Custo (BCO): 28087560.553
Melhor rota (BCO):
17190, 16960.5, 16036.4, 14726.6, 13195.5, 11850.8, 10148.7, 9134.54, 9227.99, 10503.1, 11864.3, 13418, 13483.1, 12340.2, 10800.6, 9592.21, 8556.74, 7596.25, 6647.62, 5637.75, 5346.98, 5400.07, 5540.59, 5495.65, 4669
17027, 16688.9, 17005.1, 16922.5, 16741.6, 16307, 15997.7, 15280.7, 14761.8, 14554.3, 14976.2, 14747.2, 15484.4, 15166.7, 15601.2, 15540, 15111.1, 13895.2, 11855.2, 10180.3, 11384.2, 11643.3, 11658.5, 10845, 8841.93


Gerações (Melhor Solução):
1720.06, 1703.59, 1853.96, 1837.43, 1672.41, 1961.39, 2045.17, 2127.61, 2046, 1939.48, 1893.56, 1906.07, 2260.19, 1983.29, 1662.84, 1460.97, 1519.06, 1780.52, 2062.13, 1709.57, 2437.86, 2542.95, 2728.78, 2609.87

EAS (Melhor Solução):
I(1) 12510.1, I(2) 12036.2, I(3) 11173.7, I(4) 9988.69, I(5) 8755.02, I(6) 7471.43, I(7) 6301.87, I(8) 5761.96, I(9) 6122.27, I(10) 7117.05, I(11) 8245.12, I(12) 8959.73, I(13) 8619.45, I(14) 7623.11, I(15) 6677.31, I(16) 5791.38, I(17) 4822.96, I(18) 3658.21, I(19) 2470.85, I(20) 2012.65, I(21) 2157.9, I(22) 2255.69, I(23) 2165.39, I(24) 1508.88

Tempo de execução (MGHP): 131870 ms

########################################################################################## 200 por 5000

---------------------- 1
Melhor sulução encontrada em: 4696

Pior Custo (BCO): 339744890.36
Pior rota (BCO):
17190, 11200.9, 8212.94, 17112.8, 6836.25, 6476.22, 12447.6, 17034.8, 12397.4, 13445.8, 10387.7, 14548.9, 7060.39, 15649.3, 11605.3, 5276.01, 17172.1, 6265.61, 5695.19, 17135.9, 11545.8, 8322.5, 7550.41, 15592.7, 9637.48
17027, 15640.3, 14386.4, 5702.32, 6152.57, 15682.3, 12447.3, 11734.3, 9725.32, 15972.3, 11657.5, 11881, 5315.85, 6940.47, 11726.6, 13002.9, 15670.3, 4960.68, 10375.9, 5594.89, 15882.2, 4821.07, 6198.66, 15864.4, 6409.14

Melhor Custo (BCO): 27544948.651
Melhor rota (BCO):
17190, 16741.4, 15608, 14486.7, 13062.8, 11150.5, 9645.9, 8916.4, 8944.56, 10561.7, 12151.8, 13641.3, 13853.8, 13004.6, 11981.2, 10605.8, 9234.25, 7923.3, 6360.18, 5040.03, 5116.07, 5320.12, 5650.3, 5456.23, 4669
17027, 17027, 16964.4, 16708.6, 16467.9, 16357.4, 15955.3, 15629.8, 16377.9, 15933.8, 16242.2, 16564, 16688.5, 16681.4, 16445.2, 16134.7, 15415.6, 13842.3, 13388.5, 13109.7, 12405.2, 13408.8, 13263.9, 13351.2, 10822.6


Gerações (Melhor Solução):
1787.16, 1955.35, 1761.45, 1772.81, 1957.63, 1842.87, 1753.29, 1851.35, 1928.12, 1854, 1834.39, 2005.26, 2015.55, 1858.06, 1874.88, 1780.14, 1844.91, 1760.72, 1941.51, 2014.99, 2215.74, 2544.53, 2664.33, 2761.94

EAS (Melhor Solução):
I(1) 12485, I(2) 11828.8, I(3) 10857, I(4) 9752.1, I(5) 8396.18, I(6) 7029.99, I(7) 6098.48, I(8) 5924.05, I(9) 6562.03, I(10) 7714.29, I(11) 8998.94, I(12) 9744.62, I(13) 9516.19, I(14) 8745.86, I(15) 7739, I(16) 6549.09, I(17) 5208.78, I(18) 3908.67, I(19) 2882.71, I(20) 2360.23, I(21) 2488.11, I(22) 2780.25, I(23) 2812.17, I(24) 2147.99

Tempo de execução (MGHP): 261190 ms
---------------------- 2
Melhor sulução encontrada em: 4973

Pior Custo (BCO): 368438014.41
Pior rota (BCO):
17190, 12439.7, 4881.37, 13178.3, 11138.3, 15080.3, 5816.46, 9845.76, 6116.27, 5732.52, 12509.6, 6530.35, 5739.79, 17154.8, 7234.17, 15303.1, 14547.9, 7396.07, 17154.2, 6550.07, 12781.1, 7594.79, 12437.5, 12714, 11928.6
17027, 5365.43, 7927.7, 14312.8, 10057.9, 12809.2, 14128.4, 6458.49, 8084.33, 14339.7, 14922.2, 14519, 12241.3, 16063.6, 7214.05, 13680.8, 4667.39, 15012.7, 15532.2, 5732.44, 14977.7, 5629.65, 16309.6, 12349.7, 8342.13

Melhor Custo (BCO): 27710257.907
Melhor rota (BCO):
17190, 16879.2, 16114.5, 14462.6, 12779.4, 11446.5, 9743.77, 8171.97, 8327.43, 10652.5, 11963.5, 12849.7, 13261.2, 12731.1, 11836.6, 10730.6, 9359.7, 8016.86, 6681.18, 5905.72, 5451.4, 5692.43, 5688.27, 5583.64, 4885.25
17027, 17027, 16907.7, 16886.1, 16818, 16092.1, 15735.4, 17027, 17027, 15005.4, 15465, 15968.4, 16041.4, 16537.7, 16424.7, 16050.4, 15620, 14795.8, 13942.1, 12391.8, 11937.4, 11927.9, 12083.7, 11210.2, 8931.73


Gerações (Melhor Solução):
1688.4, 1710.91, 2075.87, 1905.36, 1735.87, 1960.77, 1854.65, 1978.78, 1878.41, 1976.97, 2172.72, 1860.53, 1645.84, 1732.08, 1711.77, 1705.39, 1680.41, 1748.79, 1968.12, 2252.73, 2423.23, 2613.7, 2778.34, 2632.69

EAS (Melhor Solução):
I(1) 12541.2, I(2) 12080.3, I(3) 11073.7, I(4) 9727.8, I(5) 8416.24, I(6) 7088.61, I(7) 6073.97, I(8) 5801.79, I(9) 6324.72, I(10) 7374.8, I(11) 8373.85, I(12) 8977.03, I(13) 9034.72, I(14) 8556.04, I(15) 7712.93, I(16) 6660.45, I(17) 5481.25, I(18) 4291.17, I(19) 3222.92, I(20) 2534.63, I(21) 2400.54, I(22) 2493.5, I(23) 2352.83, I(24) 1659.29

Tempo de execução (MGHP): 260200 ms
---------------------- 3
Melhor sulução encontrada em: 4961

Pior Custo (BCO): 343426769.91
Pior rota (BCO):
17190, 8421.59, 15326.9, 16834.9, 11403.1, 4962.98, 15648.1, 11458, 7090.83, 13668.6, 6248.17, 15438.1, 14069, 12661.1, 14140.9, 10338.8, 8759.75, 7258.8, 15667, 8895.22, 11583.3, 8678.18, 13854.6, 6446.94, 12132.9
17027, 14524.5, 15169.9, 14920.3, 15832.9, 11814.8, 16883.2, 6983.88, 15547.3, 15030.1, 6630.65, 9791.42, 15322.5, 5097.04, 16544.1, 5277.35, 14048.5, 5660.83, 15988.8, 10944.2, 13610.2, 12956, 16583.7, 5225.05, 15531.9

Melhor Custo (BCO): 27374888.47
Melhor rota (BCO):
17190, 16999.9, 16259.4, 15073.5, 13652.1, 11929.2, 10288.8, 9531.24, 9663.22, 10380.5, 11870.7, 13137.5, 13465.9, 12560.4, 11460.5, 10402.3, 9049.11, 7545.6, 6071.71, 5334.46, 4768.61, 5307.34, 5368.53, 5274.93, 4669
17027, 17004.6, 17005.3, 16923.3, 16714.3, 16438.5, 16033.1, 15369.1, 15511.2, 17027, 16440.5, 16698, 16594.8, 16467, 16264.8, 15934.6, 15413, 14505, 13163.6, 12045.1, 12199.1, 11931.9, 12519.6, 12329.2, 10279.4


Gerações (Melhor Solução):
1607.56, 1662.47, 1770.32, 1775.77, 1892.43, 1950.58, 1872.67, 1947.81, 1996.64, 2172.92, 2003.93, 1981.59, 2076.32, 1888.26, 1659.48, 1709.13, 1789.6, 1930.84, 1804.51, 2136.93, 2305.68, 2466.19, 2657.54, 2670.9

EAS (Melhor Solução):
I(1) 12586.1, I(2) 12202.7, I(3) 11404.4, I(4) 10302.6, I(5) 8980, I(6) 7582.21, I(7) 6516.04, I(8) 6201.05, I(9) 6795.72, I(10) 7771.82, I(11) 8756.65, I(12) 9402.45, I(13) 9135.74, I(14) 8306.26, I(15) 7402.14, I(16) 6374.11, I(17) 5126.94, I(18) 3763.7, I(19) 2684.08, I(20) 2152.17, I(21) 2127.34, I(22) 2350.5, I(23) 2401.3, I(24) 1864.02

Tempo de execução (MGHP): 260780 ms
---------------------- 4
Melhor sulução encontrada em: 4883

Pior Custo (BCO): 350398680.99
Pior rota (BCO):
17190, 14670.8, 10317.3, 5364.21, 16915.7, 12415.8, 5675.31, 5115.76, 13857.7, 12858.9, 12137.4, 5946.72, 6045.7, 10151.9, 16819.5, 6496.73, 15129.9, 10661.6, 9007.36, 14081.6, 9220.4, 5751.94, 15083.3, 5540.38, 15010.3
17027, 4617.35, 6881.21, 7940.84, 16004.1, 14767.8, 11137.3, 11964.1, 12262.1, 16755.4, 12655.6, 11989.3, 12006.8, 13656.6, 12433.7, 8692.31, 9348.61, 7408.11, 9963.2, 10717.9, 12861.7, 9594.64, 12535.9, 10812.6, 15555.2

Melhor Custo (BCO): 27133539.24
Melhor rota (BCO):
17190, 16480.7, 15301, 13957.4, 12396.2, 10505.5, 9283.08, 8817.97, 9137.89, 10047.1, 11892.8, 13415.5, 13893.6, 13387.6, 12408.5, 10989.5, 9590.75, 7753.98, 6480.23, 5023.28, 4669, 4669, 4705.78, 5079.8, 4669
17027, 16967.4, 16916.4, 16733.9, 16423.3, 16157.1, 15442.8, 14807.7, 14963.9, 17027, 16370, 16601.1, 17001.8, 16710.6, 16485.6, 16281.6, 15802.9, 14702.5, 12550.4, 12359.5, 11777.3, 12119.6, 11891.1, 10669.6, 8456.76


Gerações (Melhor Solução):
1989.02, 1979.95, 1890.57, 1875.11, 1968.12, 1726.7, 1649.98, 1800.55, 1712.01, 1953.14, 1836.1, 1749.06, 1862.84, 1832.52, 1885.01, 1745.17, 2065.28, 2022.96, 1976.97, 2190.25, 2416.22, 2625.89, 2575.74, 2496.26

EAS (Melhor Solução):
I(1) 12367.5, I(2) 11578, I(3) 10517.5, I(4) 9280.33, I(5) 7856.88, I(6) 6539.23, I(7) 5705.81, I(8) 5573.1, I(9) 6390.76, I(10) 7643.37, I(11) 8841.72, I(12) 9735.68, I(13) 9744.78, I(14) 9070.99, I(15) 8076.91, I(16) 6910.95, I(17) 5485.5, I(18) 3896.2, I(19) 2667.55, I(20) 2018.35, I(21) 1882.59, I(22) 1909.81, I(23) 1812.05, I(24) 1314.75

Tempo de execução (MGHP): 260240 ms
---------------------- 5
Melhor sulução encontrada em: 4992

Pior Custo (BCO): 367103402.31
Pior rota (BCO):
17190, 6126.61, 5390.74, 13979.1, 10044.9, 6773.85, 5528, 13617.8, 14714.3, 15712.5, 13594.7, 15239.2, 12762, 13827.7, 5047.12, 7477.53, 15801.7, 5594.55, 15483.1, 10368.3, 5856.15, 12323.1, 10690.6, 5162.06, 16510.4
17027, 16530, 6401.82, 11119, 8874.06, 8908.3, 16924.1, 8302.57, 10358.1, 5188.01, 5108.9, 15705.3, 7281.6, 5963.3, 12152.2, 4819.1, 16947.7, 8576.16, 15332.8, 12543.5, 5231.89, 15708.9, 15337, 16305, 16629.5

Melhor Custo (BCO): 27949717.088
Melhor rota (BCO):
17190, 16734.5, 15097, 13739.1, 12181.9, 10274.9, 9038.6, 7993.9, 8395.55, 9798.19, 11079, 12532.7, 13028, 12598.4, 11677.3, 10738.3, 9495.53, 7382.37, 6206.36, 5591.51, 5221.35, 5326.95, 5356.48, 5104.88, 4669
17027, 16952.4, 16979.8, 16885.4, 16040.8, 16447.3, 15833.9, 15213.1, 15201, 15500.4, 16215.5, 16352.4, 16576.7, 16542.4, 15937.6, 15922.2, 15655.5, 15223.1, 13691.9, 12313.6, 11728.3, 12309.1, 13397.7, 12787, 10409.5


Gerações (Melhor Solução):
1811.98, 2283.55, 1874.23, 2011.87, 1789.03, 1709.23, 2009.47, 1787.06, 1842.74, 1935.67, 1896.56, 1769.12, 1723.32, 1877.11, 1496.71, 1578.18, 2042.97, 1816.28, 1815.98, 2221.73, 2346.31, 2383.83, 2818.18, 2650.77

EAS (Melhor Solução):
I(1) 12468.1, I(2) 11607.2, I(3) 10388.6, I(4) 9070.24, I(5) 7674.07, I(6) 6487.45, I(7) 5469.81, I(8) 5140.68, I(9) 5815.76, I(10) 6954.39, I(11) 8121.83, I(12) 8931.44, I(13) 8991.31, I(14) 8357.76, I(15) 7546.91, I(16) 6696.17, I(17) 5387.6, I(18) 3957.59, I(19) 2926.92, I(20) 2329, I(21) 2250.55, I(22) 2544.59, I(23) 2552.8, I(24) 1902.01

Tempo de execução (MGHP): 259590 ms
---------------------- 6
Melhor sulução encontrada em: 4981

Pior Custo (BCO): 353966928.6
Pior rota (BCO):
17190, 15670.5, 7576.35, 13737.1, 4886.1, 15583.1, 8246.57, 14950.1, 5251.57, 13128.5, 15719.9, 15991.9, 4759.39, 14812.7, 14940.2, 14013.4, 9273.04, 8028.91, 13149.4, 11395.7, 4831.07, 9240.56, 5735.5, 16539.9, 7866.65
17027, 15970.3, 9734.94, 11145.9, 4677.52, 14788, 12253.3, 16769.5, 13276.6, 15145.1, 13335.1, 13492.6, 13546.8, 16893.5, 11264.7, 14126.2, 12853.8, 9802.47, 12934.6, 12943.7, 7437.93, 10696.8, 9784.16, 12017.3, 14038.7

Melhor Custo (BCO): 27617912.661
Melhor rota (BCO):
17190, 17098.3, 16602.3, 15516.7, 13525, 11786.8, 10060.2, 8803.29, 9101.87, 9680.64, 11680.4, 13022.5, 13518.2, 13153, 12109.1, 11042.4, 9774.68, 7733.99, 6254.01, 5675.7, 5393.95, 5370.82, 5408.86, 5297.96, 4669
17027, 16993.6, 17027, 16948.5, 17018.6, 16499.2, 16192.6, 16081.1, 15489.5, 17027, 16057.3, 16391.7, 16582.4, 16480.4, 16429.5, 16166.9, 15506.9, 15417.9, 14598.6, 12179.7, 11686.1, 12354.5, 12318.2, 12556.2, 10102.9


Gerações (Melhor Solução):
1539.58, 1479.19, 1703.68, 2102.3, 1969.45, 1978.22, 2043.82, 2032.18, 2067.63, 1928.24, 1922.58, 1783.65, 1704.31, 1822.15, 1661.26, 1707.55, 1929.99, 1829.59, 2069.85, 2152.23, 2396.73, 2636.74, 2560.42, 2689.75

EAS (Melhor Solução):
I(1) 12624.1, I(2) 12384.6, I(3) 11732.1, I(4) 10489.5, I(5) 8942.11, I(6) 7483.62, I(7) 6325.17, I(8) 5864.11, I(9) 6338.59, I(10) 7373.61, I(11) 8515.04, I(12) 9319.81, I(13) 9386.93, I(14) 8812.88, I(15) 7953.5, I(16) 6925.02, I(17) 5614.3, I(18) 4269.42, I(19) 3088.9, I(20) 2378.54, I(21) 2314.62, I(22) 2414.72, I(23) 2423.9, I(24) 1877.98

Tempo de execução (MGHP): 259600 ms
