517.617461851471
600.998765233825
660.585103885201
708.190433812897
725.173352401097
686.005113036015
553.366751188262
263.284737687536
130.827415262112
204.482241607017
365.83353253584
404.635091498727
541.524269428668
627.750021733578
681.901540517463
724.101647187993
739.049610415249
695.283665025661
522.01443307701
259.044362323892
130.062022322134
254.738136386119
444.104671539415
399.923115178758
579.863404033522
672.130826838408
726.229422276049
769.35068282485
791.733723971955
762.395503500268
635.755280381146
369.485748506808
187.454507956569
244.789425979939
368.916753022399
446.882751263972
639.712896354381
729.52502547868
791.067733763748
844.357315582257
877.102814252623
852.653497199121
704.952209256207
424.095606169554
299.17062716329
336.999868575549
470.114841563518
545.056926969167
758.494039937546
862.484155655212
703.422991135711
649.765193686164
482.998396710044
206
356
656
877.665693993416
879.186282649645
846.446112209455
680.701911147483