17190
15401.3 
16593.8 
16593.8 
16593.8 
15997.5 
14805 
16593.8 
16593.8 
16593.8 
16593.8 
16593.8 
15997.5 
16593.8 
15997.5 
16593.8 
15997.5 
16593.8 
16593.8 
15997.5 
16593.8 
15401.3 
16593.8 
16593.8 
15997.5 
15401.3 
15997.5 
16593.8 
16593.8 
16593.8 
16593.8 
15997.5 
15401.3 
16593.8 
15401.3 
16593.8 
15401.3 
15401.3 
16593.8 
16593.8 
16593.8 
15997.5 
15997.5 
14805 
15401.3 
16593.8 
16593.8 
15997.5 
16593.8 
15997.5 
16593.8 
15997.5 
15997.5 
16593.8 
15401.3 
16593.8 
16593.8 
16593.8 
16593.8 
15997.5 
16593.8