17027
17027
17027
17027
17027
17027
16900,2990690391
16296,6695224836
15930,5777461263
16125,2655468573
17027
17027
17027
17027
17027
17027
17027
17027
16619,8762185656
15776,7052884721
15309,3126068725
15727,6920331929
17027
17027
17027
17027
17027
17027
17027
17027
17021,8783475625
16604,9802499304
16282,3445303617
16423,672363563
17027
17027
17027
17027
17027
17027
17027
17027
16813,7850915195
16238,0334437758
16061,2228173954
16298,5888021671
17027
17027
17027
16997,3051883266
16455,7654061773
15334,374194842
13129,6993157982
8982,02873711111
6126,63929801179
5758,81976340328
7333,62463240452
8528,17852184355
8885,59175978528
6697,76008100081